0 1000 0 0 0 0 0 0 0 0 0 0 0 0
0.1 1000 -0.00883903 0 -0.0507651 0.198045 0 -0.00320627 0 0 0 -0.00320627 0 0.762279
0.2 1000 -0.000779943 0 -0.0353061 0.376303 0 -0.0279057 0 0 0 -0.0279057 0 1.58987
0.3 1000 -0.0179501 0 -0.00249128 0.579957 0 -0.0338158 0 0 0 -0.0338158 0 2.3616
0.4 1000 -0.00225738 0 0.018058 0.774814 0 -0.0192651 0 0 0 -0.0192651 0 3.18825
0.5 1000 -0.0140275 0 0.0212429 0.986709 0 0.0070072 0 0 0 0.0070072 0 3.85438
0.6 1000 -0.0238893 0 0.0129109 1.19512 0 0.0101458 0 0 0 0.0101458 0 4.7603
0.7 1000 -0.0357736 0 0.0399995 1.40795 0 -0.00464551 0 0 0 -0.00464551 0 5.46478
0.8 1000 -0.0448021 0 0.022551 1.61643 0 -0.0372552 0 0 0 -0.0372552 0 6.36307
0.9 1000 -0.0451668 0 0.0559355 1.84148 0 0.0102408 0 0 0 0.0102408 0 6.88514
1 1000 -0.0502219 0 0.0738753 2.11388 0 0.0247576 0 0 0 0.0247576 0 7.72842
1.1 1000 -0.0639714 0 0.0551934 2.35461 0 0.122975 0 0 0 0.122975 0 8.67806
1.2 1000 -0.0645276 0 0.0241268 2.50693 0 0.182139 0 0 0 0.182139 0 9.42165
1.3 1000 -0.0562943 0 -0.0318584 2.72788 0 0.264001 0 0 0 0.264001 0 10.4671
1.4 1000 -0.0580665 0 -0.0400089 2.95287 0 0.30499 0 0 0 0.30499 0 11.1668
1.5 1000 -0.078418 0 -0.00267148 3.14408 0 0.258407 0 0 0 0.258407 0 12.3395
1.6 1000 -0.0629001 0 -0.0186008 3.37021 0 0.419463 0 0 0 0.419463 0 13.0431
1.7 1000 -0.0308639 0 -0.00888873 3.51235 0 0.438571 0 0 0 0.438571 0 13.7259
1.8 1000 -0.0183345 0 0.0382537 3.69352 0 0.533908 0 0 0 0.533908 0 14.6422
1.9 1000 -0.0303061 0 0.0395531 3.92917 0 0.709098 0 0 0 0.709098 0 15.6428
2 1000 -0.0407107 0 0.00321878 4.08543 0 0.754021 0 0 0 0.754021 0 16.2773
2.1 1000 -0.0379095 0 -0.0360518 4.32037 0 0.799486 0 0 0 0.799486 0 17.1571
2.2 1000 -0.0235679 0 -0.0496271 4.49371 0 0.93967 0 0 0 0.93967 0 18.1361
2.3 1000 -0.021055 0 -0.0339432 4.7729 0 0.869728 0 0 0 0.869728 0 18.4646
2.4 1000 -0.0040673 0 -0.0321023 4.96652 0 0.693916 0 0 0 0.693916 0 19.3555
2.5 1000 0.0110514 0 -0.013774 5.14297 0 0.617893 0 0 0 0.617893 0 20.1253
2.6 1000 0.0017995 0 -0.0225373 5.36022 0 0.551932 0 0 0 0.551932 0 20.7447
2.7 1000 -0.010607 0 -0.0128982 5.7367 0 0.637299 0 0 0 0.637299 0 21.5162
2.8 1000 -0.0088748 0 -0.0530512 5.89925 0 0.4709 0 0 0 0.4709 0 22.1925
2.9 1000 0.0163566 0 -0.0985633 6.06038 0 0.405271 0 0 0 0.405271 0 23.2565
3 1000 0.0374148 0 -0.139277 6.32606 0 0.438113 0 0 0 0.438113 0 23.9776
3.1 1000 0.0511794 0 -0.175813 6.52126 0 0.570481 0 0 0 0.570481 0 24.5184
3.2 1000 0.018551 0 -0.154941 6.73311 0 0.351248 0 0 0 0.351248 0 25.5409
3.3 1000 0.0200445 0 -0.160574 6.98866 0 0.256337 0 0 0 0.256337 0 26.3817
3.4 1000 0.0233757 0 -0.131643 7.10396 0 0.263559 0 0 0 0.263559 0 26.9356
3.5 1000 0.0323857 0 -0.142197 7.18498 0 0.120793 0 0 0 0.120793 0 28.2014
3.6 1000 0.0298793 0 -0.131626 7.36424 0 0.310058 0 0 0 0.310058 0 29.2517
3.7 1000 0.0324969 0 -0.136916 7.55931 0 0.381621 0 0 0 0.381621 0 30.118
3.8 1000 0.00677143 0 -0.0968441 7.7942 0 0.322235 0 0 0 0.322235 0 31.2312
3.9 1000 0.0268515 0 -0.100961 8.12697 0 0.0650071 0 0 0 0.0650071 0 32.4138
4 1000 0.0490998 0 -0.141493 8.31096 0 0.0884805 0 0 0 0.0884805 0 33.6609
4.1 1000 0.0407449 0 -0.203417 8.40327 0 0.23051 0 0 0 0.23051 0 34.8373
4.2 1000 0.0238424 0 -0.245189 8.71336 0 0.3194 0 0 0 0.3194 0 35.1743
4.3 1000 0.0162931 0 -0.215626 8.95293 0 0.17452 0 0 0 0.17452 0 35.9667
4.4 1000 -0.0191394 0 -0.21966 9.34604 0 0.338517 0 0 0 0.338517 0 36.6422
4.5 1000 -0.034963 0 -0.274576 9.51055 0 0.262562 0 0 0 0.262562 0 37.186
4.6 1000 -0.0498747 0 -0.267236 9.79432 0 0.255588 0 0 0 0.255588 0 37.8862
4.7 1000 -0.047984 0 -0.26271 9.90987 0 -0.0279611 0 0 0 -0.0279611 0 38.8111
4.8 1000 -0.0587693 0 -0.248652 10.0998 0 0.0969827 0 0 0 0.0969827 0 39.0937
4.9 1000 -0.0781023 0 -0.239003 10.1356 0 0.279463 0 0 0 0.279463 0 39.9917
5 1000 -0.0731831 0 -0.245601 10.4551 0 0.287992 0 0 0 0.287992 0 41.3914
5.1 1000 -0.0813848 0 -0.222046 10.8409 0 0.401177 0 0 0 0.401177 0 42.316
5.2 1000 -0.0772858 0 -0.245458 10.9182 0 0.45001 0 0 0 0.45001 0 43.021
5.3 1000 -0.0736116 0 -0.240018 11.0784 0 0.350356 0 0 0 0.350356 0 43.7487
5.4 1000 -0.0838811 0 -0.207674 11.3302 0 0.516168 0 0 0 0.516168 0 44.2808
5.5 1000 -0.112959 0 -0.185438 11.3697 0 0.529989 0 0 0 0.529989 0 45.0385
5.6 1000 -0.0888138 0 -0.188765 11.631 0 0.787917 0 0 0 0.787917 0 45.2392
5.7 1000 -0.099246 0 -0.180669 11.8363 0 0.743812 0 0 0 0.743812 0 45.697
5.8 1000 -0.0797548 0 -0.210935 11.8865 0 0.818133 0 0 0 0.818133 0 46.3909
5.9 1000 -0.060435 0 -0.248132 11.9652 0 0.898787 0 0 0 0.898787 0 47.2751
6 1000 -0.0684916 0 -0.241333 12.2713 0 0.935516 0 0 0 0.935516 0 48.1654
6.1 1000 -0.0733127 0 -0.248793 12.4733 0 0.867769 0 0 0 0.867769 0 48.6825
6.2 1000 -0.0369855 0 -0.211887 12.6282 0 0.944162 0 0 0 0.944162 0 49.8524
6.3 1000 -0.0336149 0 -0.212778 12.8918 0 0.857845 0 0 0 0.857845 0 50.5229
6.4 1000 -0.0534063 0 -0.203198 13.1818 0 0.7812 0 0 0 0.7812 0 51.6926
6.5 1000 -0.0330342 0 -0.212348 13.4355 0 0.589988 0 0 0 0.589988 0 51.8547
6.6 1000 -0.0349114 0 -0.16832 13.6656 0 0.784873 0 0 0 0.784873 0 52.4306
6.7 1000 -0.0425837 0 -0.180739 13.86 0 1.04548 0 0 0 1.04548 0 53.3352
6.8 1000 -0.0500109 0 -0.180361 14.1846 0 1.16143 0 0 0 1.16143 0 54.2218
6.9 1000 -0.0405074 0 -0.248365 14.3133 0 1.3408 0 0 0 1.3408 0 55.2952
7 1000 -0.0449418 0 -0.252798 14.3361 0 1.1347 0 0 0 1.1347 0 55.4658
7.1 1000 -0.0597847 0 -0.240233 14.6663 0 1.17204 0 0 0 1.17204 0 56.6237
7.2 1000 -0.0570821 0 -0.230501 14.8506 0 1.40834 0 0 0 1.40834 0 57.4728
7.3 1000 -0.0507455 0 -0.262786 14.9976 0 1.1843 0 0 0 1.1843 0 58.983
7.4 1000 -0.0568753 0 -0.274962 15.2582 0 1.16891 0 0 0 1.16891 0 60.3407
7.5 1000 -0.0608572 0 -0.286724 15.4508 0 1.01458 0 0 0 1.01458 0 61.2054
7.6 1000 -0.0545852 0 -0.262558 15.5153 0 0.845779 0 0 0 0.845779 0 61.6719
7.7 1000 -0.0523641 0 -0.238902 15.7363 0 0.801695 0 0 0 0.801695 0 62.8181
7.8 1000 -0.0671731 0 -0.226836 16.257 0 0.91177 0 0 0 0.91177 0 64.4131
7.9 1000 -0.0681049 0 -0.22947 16.4401 0 0.795064 0 0 0 0.795064 0 65.544
8 1000 -0.0834612 0 -0.254272 16.6574 0 0.681465 0 0 0 0.681465 0 66.5579
8.1 1000 -0.103945 0 -0.25997 16.8654 0 0.597794 0 0 0 0.597794 0 68.1026
8.2 1000 -0.0845448 0 -0.267211 16.9751 0 0.66382 0 0 0 0.66382 0 68.6268
8.3 1000 -0.0673738 0 -0.269678 17.3466 0 0.649874 0 0 0 0.649874 0 69.692
8.4 1000 -0.0646736 0 -0.291477 17.6761 0 0.908245 0 0 0 0.908245 0 70.5922
8.5 1000 -0.0807394 0 -0.278778 18.0232 0 0.792336 0 0 0 0.792336 0 71.3077
8.6 1000 -0.0760552 0 -0.314463 18.231 0 0.844078 0 0 0 0.844078 0 72.496
8.7 1000 -0.0864246 0 -0.296096 18.5671 0 0.797596 0 0 0 0.797596 0 71.7819
8.8 1000 -0.0852338 0 -0.356015 18.7744 0 0.864949 0 0 0 0.864949 0 72.388
8.9 1000 -0.0602904 0 -0.378755 18.9536 0 0.804454 0 0 0 0.804454 0 72.3151
9 1000 -0.0515841 0 -0.405643 19.3231 0 0.875833 0 0 0 0.875833 0 73.0453
9.1 1000 -0.0597509 0 -0.387603 19.8303 0 0.961266 0 0 0 0.961266 0 73.9833
9.2 1000 -0.0588133 0 -0.36851 20.1657 0 1.29884 0 0 0 1.29884 0 75.0732
9.3 1000 -0.0627292 0 -0.380538 20.2632 0 1.69832 0 0 0 1.69832 0 75.409
9.4 1000 -0.0646778 0 -0.393108 20.3402 0 1.94388 0 0 0 1.94388 0 76.0878
9.5 1000 -0.0708775 0 -0.426597 20.6143 0 2.00777 0 0 0 2.00777 0 75.7515
9.6 1000 -0.0718099 0 -0.43213 20.758 0 1.85032 0 0 0 1.85032 0 76.5878
9.7 1000 -0.0805248 0 -0.421594 21.0421 0 1.71429 0 0 0 1.71429 0 77.3251
9.8 1000 -0.0849885 0 -0.430554 21.4241 0 1.61351 0 0 0 1.61351 0 77.993
9.9 1000 -0.0962852 0 -0.423853 21.7698 0 1.93863 0 0 0 1.93863 0 79.3481
10 1000 -0.100153 0 -0.415166 21.8554 0 2.21736 0 0 0 2.21736 0 79.9049
10.1 1000 -0.104352 0 -0.380902 22.0948 0 2.47366 0 0 0 2.47366 0 81.6489
10.2 1000 -0.0929941 0 -0.383647 22.3594 0 2.79759 0 0 0 2.79759 0 81.4334
10.3 1000 -0.101934 0 -0.382145 22.4027 0 2.98288 0 0 0 2.98288 0 81.5329
10.4 1000 -0.106247 0 -0.404941 22.7861 0 2.98878 0 0 0 2.98878 0 82.1893
10.5 1000 -0.0864812 0 -0.411403 22.8334 0 3.08631 0 0 0 3.08631 0 83.4541
10.6 1000 -0.0727702 0 -0.37433 23.2281 0 3.02257 0 0 0 3.02257 0 83.9211
10.7 1000 -0.0649615 0 -0.387193 23.4998 0 3.07248 0 0 0 3.07248 0 85.3958
10.8 1000 -0.0494635 0 -0.372727 23.7285 0 2.9301 0 0 0 2.9301 0 85.9384
10.9 1000 -0.0354076 0 -0.410369 23.9645 0 3.09146 0 0 0 3.09146 0 86.6919
11 1000 -0.0333533 0 -0.406256 24.4319 0 3.24892 0 0 0 3.24892 0 87.7783
11.1 1000 -0.0502111 0 -0.359615 24.7603 0 3.31025 0 0 0 3.31025 0 89.5132
11.2 1000 -0.0437125 0 -0.398678 25.2129 0 3.21939 0 0 0 3.21939 0 89.4905
11.3 1000 -0.0559284 0 -0.417217 25.457 0 3.3219 0 0 0 3.3219 0 91.6971
11.4 1000 -0.0274841 0 -0.418506 25.7877 0 3.31877 0 0 0 3.31877 0 93.406
11.5 1000 -0.0366293 0 -0.421276 26.1018 0 3.39689 0 0 0 3.39689 0 93.4955
11.6 1000 -0.0292246 0 -0.411222 26.0702 0 3.75525 0 0 0 3.75525 0 94.0352
11.7 1000 -0.0339037 0 -0.400824 26.247 0 4.15585 0 0 0 4.15585 0 94.1852
11.8 1000 -0.0522491 0 -0.40665 26.403 0 4.17285 0 0 0 4.17285 0 94.6795
11.9 1000 -0.0503732 0 -0.376371 26.2785 0 4.13457 0 0 0 4.13457 0 95.916
12 1000 -0.0359005 0 -0.349919 26.4259 0 4.44463 0 0 0 4.44463 0 95.5779
12.1 1000 -0.0402174 0 -0.352747 26.4607 0 4.7407 0 0 0 4.7407 0 97.1423
12.2 1000 -0.0560609 0 -0.332836 26.5257 0 4.73006 0 0 0 4.73006 0 96.645
12.3 1000 -0.0534104 0 -0.302458 26.5718 0 4.47765 0 0 0 4.47765 0 97.6647
12.4 1000 -0.0493131 0 -0.27334 26.3774 0 4.51895 0 0 0 4.51895 0 98.6713
12.5 1000 -0.031914 0 -0.30291 26.5555 0 4.48429 0 0 0 4.48429 0 98.7675
12.6 1000 -0.0361166 0 -0.267963 26.8665 0 4.43977 0 0 0 4.43977 0 99.1148
12.7 1000 -0.0522566 0 -0.24743 26.8698 0 4.47954 0 0 0 4.47954 0 99.3045
12.8 1000 -0.0473184 0 -0.215989 27.1929 0 4.22763 0 0 0 4.22763 0 100.662
12.9 1000 -0.0355851 0 -0.173763 27.474 0 4.46027 0 0 0 4.46027 0 101.983
13 1000 -0.0457441 0 -0.230216 27.5607 0 4.11132 0 0 0 4.11132 0 102.438
13.1 1000 -0.0593496 0 -0.243061 27.4327 0 3.89571 0 0 0 3.89571 0 104.009
13.2 1000 -0.0499966 0 -0.204362 27.4953 0 4.22666 0 0 0 4.22666 0 104.018
13.3 1000 -0.031031 0 -0.189362 27.7384 0 4.51042 0 0 0 4.51042 0 105.493
13.4 1000 -0.0275386 0 -0.146366 27.9459 0 4.5775 0 0 0 4.5775 0 106.011
13.5 1000 -0.00966353 0 -0.182983 28.2572 0 4.71064 0 0 0 4.71064 0 106.722
13.6 1000 0.0205311 0 -0.200927 28.4614 0 4.8025 0 0 0 4.8025 0 107.514
13.7 1000 0.0349737 0 -0.182528 28.7804 0 4.83202 0 0 0 4.83202 0 108.106
13.8 1000 0.0278494 0 -0.192875 28.7216 0 4.36338 0 0 0 4.36338 0 109.015
13.9 1000 0.021223 0 -0.185976 28.8977 0 4.137 0 0 0 4.137 0 109.462
14 1000 0.0241749 0 -0.144658 29.3066 0 3.93089 0 0 0 3.93089 0 110.307
14.1 1000 0.0312274 0 -0.104093 29.6093 0 4.17705 0 0 0 4.17705 0 111.178
14.2 1000 0.0387747 0 -0.0956789 29.916 0 4.17489 0 0 0 4.17489 0 112.014
14.3 1000 0.0396047 0 -0.0995316 30.4233 0 4.02954 0 0 0 4.02954 0 112.438
14.4 1000 0.0317909 0 -0.10761 30.7867 0 3.84441 0 0 0 3.84441 0 113.712
14.5 1000 0.0204084 0 -0.104958 31.1139 0 4.08025 0 0 0 4.08025 0 114.821
14.6 1000 0.0311513 0 -0.0653905 31.311 0 4.01712 0 0 0 4.01712 0 116.297
14.7 1000 0.0207652 0 -0.0467237 31.7244 0 3.98432 0 0 0 3.98432 0 116.715
14.8 1000 -0.00136694 0 -0.0372422 32.0215 0 4.05434 0 0 0 4.05434 0 118.486
14.9 1000 -0.0200239 0 -0.0753749 32.0787 0 3.91541 0 0 0 3.91541 0 119.077
15 1000 -0.00507917 0 -0.105368 32.075 0 3.84717 0 0 0 3.84717 0 120.776
15.1 1000 -0.00681557 0 -0.0761491 32.2404 0 3.75124 0 0 0 3.75124 0 121.472
15.2 1000 -0.012041 0 -0.0460538 32.4471 0 3.78211 0 0 0 3.78211 0 122.266
15.3 1000 -0.00940842 0 -0.101319 32.6172 0 3.88848 0 0 0 3.88848 0 121.831
15.4 1000 -0.0100022 0 -0.127217 33.2738 0 3.75201 0 0 0 3.75201 0 123.124
15.5 1000 -0.00053192 0 -0.114376 33.593 0 3.20176 0 0 0 3.20176 0 124.395
15.6 1000 -0.00973477 0 -0.135416 33.9267 0 3.54235 0 0 0 3.54235 0 125.446
15.7 1000 0.0244437 0 -0.139329 34.0823 0 3.81598 0 0 0 3.81598 0 126.632
15.8 1000 0.04176 0 -0.110406 34.2667 0 3.55074 0 0 0 3.55074 0 127.253
15.9 1000 0.0470144 0 -0.0764117 34.782 0 3.61612 0 0 0 3.61612 0 128.901
16 1000 0.0598674 0 -0.0903892 34.7651 0 3.43792 0 0 0 3.43792 0 130.451
16.1 1000 0.065877 0 -0.107284 34.8511 0 3.71539 0 0 0 3.71539 0 131.252
16.2 1000 0.049601 0 -0.119839 35.2838 0 3.46787 0 0 0 3.46787 0 132.569
16.3 1000 0.0520371 0 -0.116208 35.501 0 2.93365 0 0 0 2.93365 0 134.376
16.4 1000 0.0211046 0 -0.110019 35.7916 0 2.44718 0 0 0 2.44718 0 136.007
16.5 1000 0.00367254 0 -0.150741 35.9427 0 2.41605 0 0 0 2.41605 0 136.647
16.6 1000 -0.000376691 0 -0.132272 36.0768 0 2.46677 0 0 0 2.46677 0 137.46
16.7 1000 0.00865123 0 -0.134947 36.3688 0 2.43494 0 0 0 2.43494 0 139.06
16.8 1000 0.0235463 0 -0.12929 36.6565 0 2.11314 0 0 0 2.11314 0 139.282
16.9 1000 0.0227235 0 -0.165063 36.6986 0 1.91381 0 0 0 1.91381 0 140.723
17 1000 0.00859682 0 -0.115439 37.1003 0 1.90988 0 0 0 1.90988 0 140.969
17.1 1000 0.0129307 0 -0.09453 37.3445 0 1.70253 0 0 0 1.70253 0 141.844
17.2 1000 0.0199527 0 -0.0842667 37.4373 0 1.85809 0 0 0 1.85809 0 142.97
17.3 1000 0.0267397 0 -0.0607077 37.6287 0 1.77914 0 0 0 1.77914 0 143.631
17.4 1000 0.0330522 0 -0.0597352 37.8585 0 1.60177 0 0 0 1.60177 0 144.423
17.5 1000 0.0222945 0 -0.0829916 38.0473 0 1.47693 0 0 0 1.47693 0 144.721
17.6 1000 0.0149611 0 -0.0732362 38.1671 0 0.875241 0 0 0 0.875241 0 145.585
17.7 1000 0.00688283 0 -0.0732569 38.4171 0 0.878291 0 0 0 0.878291 0 145.271
17.8 1000 0.0250971 0 -0.0996544 38.616 0 0.772202 0 0 0 0.772202 0 145.495
17.9 1000 0.0218879 0 -0.0786163 38.7557 0 0.802241 0 0 0 0.802241 0 147.838
18 1000 0.0362235 0 -0.0679663 39.2447 0 0.973454 0 0 0 0.973454 0 149.812
18.1 1000 0.00638514 0 -0.0543485 39.4337 0 0.799847 0 0 0 0.799847 0 151.938
18.2 1000 0.00508574 0 -0.0678274 39.345 0 0.918469 0 0 0 0.918469 0 151.982
18.3 1000 0.0272686 0 -0.0620165 39.2748 0 0.687012 0 0 0 0.687012 0 152.215
18.4 1000 0.0284144 0 -0.0822724 39.6729 0 0.909619 0 0 0 0.909619 0 152.336
18.5 1000 0.0220683 0 -0.0802662 39.9853 0 0.642825 0 0 0 0.642825 0 153.72
18.6 1000 0.0238681 0 -0.0444096 39.8604 0 1.09188 0 0 0 1.09188 0 154.794
18.7 1000 0.0110076 0 -0.026056 39.6482 0 1.28251 0 0 0 1.28251 0 154.183
18.8 1000 0.00846856 0 -0.0266622 39.8237 0 1.50831 0 0 0 1.50831 0 154.89
18.9 1000 0.0107567 0 -0.0353268 40.0677 0 1.89314 0 0 0 1.89314 0 156.189
19 1000 0.00041965 0 -0.0424548 40.3858 0 1.93769 0 0 0 1.93769 0 157.082
19.1 1000 -0.0161318 0 -0.0637932 40.3073 0 1.92513 0 0 0 1.92513 0 157.791
19.2 1000 -0.02207 0 -0.0300513 40.0386 0 2.14235 0 0 0 2.14235 0 158.32
19.3 1000 -0.00530572 0 -0.0139274 40.3274 0 1.70972 0 0 0 1.70972 0 160.016
19.4 1000 -0.0137772 0 -0.0457941 40.565 0 1.58772 0 0 0 1.58772 0 160.91
19.5 1000 0.0279831 0 -0.0398378 40.8191 0 1.64893 0 0 0 1.64893 0 161.683
19.6 1000 0.000259005 0 -0.0559976 40.8091 0 1.81623 0 0 0 1.81623 0 162.128
19.7 1000 -0.0166984 0 -0.0650792 40.8261 0 1.88953 0 0 0 1.88953 0 163.129
19.8 1000 -0.00356532 0 -0.094617 40.774 0 1.55372 0 0 0 1.55372 0 163.53
19.9 1000 -0.000305828 0 -0.0625457 40.7706 0 1.57399 0 0 0 1.57399 0 164.274
20 1000 -0.0123767 0 -0.0827545 40.8022 0 1.07105 0 0 0 1.07105 0 164.992
20.1 1000 -0.0110811 0 -0.0392913 40.5502 0 0.88636 0 0 0 0.88636 0 166.009
20.2 1000 -0.00559949 0 -0.0871787 40.7812 0 0.629907 0 0 0 0.629907 0 167.71
20.3 1000 -0.0155456 0 -0.0810918 41.2175 0 0.438057 0 0 0 0.438057 0 167.395
20.4 1000 -0.0108508 0 -0.113623 41.5066 0 0.567948 0 0 0 0.567948 0 169.484
20.5 1000 -0.0137609 0 -0.0839741 41.5948 0 0.704411 0 0 0 0.704411 0 170.262
20.6 1000 -0.0322035 0 -0.137649 42.1667 0 1.10551 0 0 0 1.10551 0 171.337
20.7 1000 -0.0347762 0 -0.157497 42.328 0 0.992895 0 0 0 0.992895 0 172.038
20.8 1000 -0.0371752 0 -0.13331 42.2039 0 0.915014 0 0 0 0.915014 0 174.209
20.9 1000 -0.0288647 0 -0.0949545 42.1735 0 1.02486 0 0 0 1.02486 0 174.978
21 1000 -0.00275121 0 -0.0797711 42.6074 0 1.38706 0 0 0 1.38706 0 176.379
21.1 1000 0.00224797 0 -0.1143 42.9408 0 1.5228 0 0 0 1.5228 0 177.585
21.2 1000 0.00706283 0 -0.0582123 42.8979 0 1.45715 0 0 0 1.45715 0 178.895
21.3 1000 0.0147882 0 -0.104642 43.1013 0 1.39138 0 0 0 1.39138 0 180.068
21.4 1000 0.0317185 0 -0.0943709 43.0869 0 1.34372 0 0 0 1.34372 0 180.74
21.5 1000 0.0149631 0 -0.13723 43.2066 0 1.06635 0 0 0 1.06635 0 180.572
21.6 1000 0.0169918 0 -0.125064 43.2395 0 0.868995 0 0 0 0.868995 0 182.058
21.7 1000 0.0455213 0 -0.112316 43.5252 0 0.548792 0 0 0 0.548792 0 182.741
21.8 1000 0.0362547 0 -0.0833985 43.7334 0 1.19976 0 0 0 1.19976 0 182.359
21.9 1000 0.0225652 0 -0.0637254 43.847 0 1.24885 0 0 0 1.24885 0 182.565
22 1000 0.0503205 0 -0.0399376 43.7549 0 1.09494 0 0 0 1.09494 0 183.192
22.1 1000 0.0543719 0 -0.0291494 44.3541 0 1.25287 0 0 0 1.25287 0 185.404
22.2 1000 0.03038 0 -0.081706 44.527 0 1.47204 0 0 0 1.47204 0 186.11
22.3 1000 0.0269312 0 -0.114816 44.9398 0 1.80438 0 0 0 1.80438 0 186.746
22.4 1000 0.0199654 0 -0.128808 45.0684 0 1.7516 0 0 0 1.7516 0 188.631
22.5 1000 0.0279141 0 -0.180751 45.5864 0 1.73239 0 0 0 1.73239 0 189.043
22.6 1000 0.026517 0 -0.176431 45.4153 0 1.91301 0 0 0 1.91301 0 190.011
22.7 1000 0.0378609 0 -0.183068 45.6762 0 1.90538 0 0 0 1.90538 0 189.775
22.8 1000 0.0506251 0 -0.220795 45.8655 0 1.31823 0 0 0 1.31823 0 190.792
22.9 1000 0.0442038 0 -0.213889 46.0436 0 1.81303 0 0 0 1.81303 0 191.136
23 1000 0.0624296 0 -0.173791 46.236 0 1.91932 0 0 0 1.91932 0 190.649
23.1 1000 0.0632486 0 -0.156909 46.4854 0 1.91049 0 0 0 1.91049 0 190.159
23.2 1000 0.0675665 0 -0.216153 46.9359 0 1.50762 0 0 0 1.50762 0 190.012
23.3 1000 0.049673 0 -0.150704 46.9975 0 1.31438 0 0 0 1.31438 0 191.481
23.4 1000 0.0426696 0 -0.132447 47.3426 0 0.551172 0 0 0 0.551172 0 192.573
23.5 1000 0.0265298 0 -0.123159 47.3374 0 0.431418 0 0 0 0.431418 0 193.562
23.6 1000 0.0422618 0 -0.0775209 47.4923 0 0.0705509 0 0 0 0.0705509 0 194.944
23.7 1000 0.0452605 0 -0.0703125 47.5865 0 0.0979513 0 0 0 0.0979513 0 195.343
23.8 1000 0.0615274 0 -0.0514528 47.8604 0 0.311498 0 0 0 0.311498 0 197.17
23.9 1000 0.0712746 0 -0.0585477 47.8578 0 0.326086 0 0 0 0.326086 0 198.557
24 1000 0.0482352 0 -0.0721716 48.1265 0 0.414396 0 0 0 0.414396 0 198.462
24.1 1000 0.0563685 0 -0.108984 48.2711 0 0.29474 0 0 0 0.29474 0 200.37
24.2 1000 0.0361922 0 -0.119573 48.4238 0 0.258904 0 0 0 0.258904 0 200.617
24.3 1000 0.0147024 0 -0.124092 48.8266 0 -0.120039 0 0 0 -0.120039 0 201.604
24.4 1000 0.029112 0 -0.115782 49.0319 0 -0.0751351 0 0 0 -0.0751351 0 203.2
24.5 1000 0.0274323 0 -0.112335 49.3141 0 -0.248264 0 0 0 -0.248264 0 205.815
24.6 1000 0.0543284 0 -0.121876 49.5209 0 -0.291092 0 0 0 -0.291092 0 205.418
24.7 1000 0.0394288 0 -0.123074 49.8461 0 -0.570696 0 0 0 -0.570696 0 206.224
24.8 1000 0.0424333 0 -0.0873986 50.0089 0 -0.591113 0 0 0 -0.591113 0 208.03
24.9 1000 0.0255544 0 -0.0295917 50.0774 0 -0.893027 0 0 0 -0.893027 0 209.295
25 1000 0.0167357 0 -0.0415133 50.1832 0 -0.63542 0 0 0 -0.63542 0 210.374
25.1 1000 0.0456679 0 -0.0820218 50.6256 0 -0.705305 0 0 0 -0.705305 0 210.513
25.2 1000 0.0615778 0 -0.0269447 50.8409 0 -0.698104 0 0 0 -0.698104 0 211.49
25.3 1000 0.0534504 0 0.00200657 51.3252 0 -0.367951 0 0 0 -0.367951 0 212.2
25.4 1000 0.041977 0 0.0154652 51.3726 0 0.140776 0 0 0 0.140776 0 213.241
25.5 1000 0.0534563 0 0.00142597 51.9153 0 0.631774 0 0 0 0.631774 0 214.02
25.6 1000 0.0550904 0 -0.0082118 52.4264 0 0.089339 0 0 0 0.089339 0 213.844
25.7 1000 0.04694 0 -0.00091041 52.7057 0 0.283167 0 0 0 0.283167 0 214.186
25.8 1000 0.0249639 0 0.0366559 52.6915 0 0.0742994 0 0 0 0.0742994 0 214.479
25.9 1000 0.0175393 0 -0.00391496 53.0011 0 0.109158 0 0 0 0.109158 0 214.856
26 1000 0.02639 0 0.00146017 53.3017 0 0.99905 0 0 0 0.99905 0 216.966
26.1 1000 0.0292029 0 0.0310005 53.2393 0 1.24908 0 0 0 1.24908 0 217.851
26.2 1000 0.00230549 0 0.0881037 53.1813 0 1.01404 0 0 0 1.01404 0 218.333
26.3 1000 0.0140826 0 0.0790133 53.7035 0 0.571629 0 0 0 0.571629 0 218.311
26.4 1000 0.0161167 0 0.0975768 53.7837 0 0.881298 0 0 0 0.881298 0 219.583
26.5 1000 0.0215901 0 0.0721544 54.3695 0 0.587703 0 0 0 0.587703 0 219.356
26.6 1000 0.00800822 0 0.0437396 54.5547 0 0.290268 0 0 0 0.290268 0 219.348
26.7 1000 -3.20516e-06 0 0.0243062 54.5981 0 0.343698 0 0 0 0.343698 0 220.291
26.8 1000 0.00661253 0 -0.0163766 54.9633 0 0.931312 0 0 0 0.931312 0 222.031
26.9 1000 -0.00533671 0 -0.0178478 55.3676 0 1.14119 0 0 0 1.14119 0 222.98
27 1000 0.0157652 0 0.0141476 55.7821 0 1.20581 0 0 0 1.20581 0 222.797
27.1 1000 0.0196898 0 0.0215125 56.0575 0 0.861115 0 0 0 0.861115 0 222.528
27.2 1000 0.0370825 0 -0.00975248 56.4622 0 0.629178 0 0 0 0.629178 0 222.694
27.3 1000 0.0450782 0 -0.0240658 56.6037 0 0.461015 0 0 0 0.461015 0 224.423
27.4 1000 0.0561017 0 -0.034543 56.6439 0 0.404942 0 0 0 0.404942 0 225.719
27.5 1000 0.0511849 0 -0.0350142 57.1388 0 0.135695 0 0 0 0.135695 0 226.467
27.6 1000 0.0468341 0 0.0203178 57.2145 0 -0.136147 0 0 0 -0.136147 0 227.611
27.7 1000 0.0669707 0 0.0331926 57.4137 0 0.0633599 0 0 0 0.0633599 0 227.593
27.8 1000 0.0593797 0 -0.00243818 57.2611 0 0.233689 0 0 0 0.233689 0 229.35
27.9 1000 0.0547861 0 0.040618 57.1675 0 0.656888 0 0 0 0.656888 0 228.296
28 1000 0.0479614 0 0.0261773 57.4303 0 1.29538 0 0 0 1.29538 0 229.019
28.1 1000 0.0490027 0 0.0585869 57.2625 0 1.40003 0 0 0 1.40003 0 229.354
28.2 1000 0.0813783 0 0.0264697 57.2712 0 0.88146 0 0 0 0.88146 0 229.777
28.3 1000 0.0717903 0 -0.00113244 57.5015 0 0.526504 0 0 0 0.526504 0 231.199
28.4 1000 0.0728677 0 0.0376426 57.4151 0 1.17875 0 0 0 1.17875 0 231.368
28.5 1000 0.0834031 0 0.119999 57.6242 0 1.2509 0 0 0 1.2509 0 232.216
28.6 1000 0.0816883 0 0.154397 57.6094 0 1.42136 0 0 0 1.42136 0 234.072
28.7 1000 0.111576 0 0.108126 58.0903 0 1.38071 0 0 0 1.38071 0 232.86
28.8 1000 0.105036 0 0.10638 58.6055 0 1.24646 0 0 0 1.24646 0 234.76
28.9 1000 0.124266 0 0.154145 58.4283 0 0.97775 0 0 0 0.97775 0 235.378
29 1000 0.132407 0 0.184295 58.797 0 0.978726 0 0 0 0.978726 0 234.35
29.1 1000 0.123841 0 0.200292 59.0438 0 1.01736 0 0 0 1.01736 0 235.603
29.2 1000 0.119666 0 0.185278 59.4084 0 1.3194 0 0 0 1.3194 0 236.048
29.3 1000 0.135212 0 0.204336 59.7248 0 1.48731 0 0 0 1.48731 0 238.059
29.4 1000 0.157255 0 0.182139 59.8235 0 1.18619 0 0 0 1.18619 0 238.863
29.5 1000 0.151417 0 0.15455 59.9044 0 1.73704 0 0 0 1.73704 0 238.971
29.6 1000 0.170501 0 0.130346 60.3354 0 1.66941 0 0 0 1.66941 0 239.484
29.7 1000 0.179942 0 0.144395 60.6022 0 1.71803 0 0 0 1.71803 0 241.101
29.8 1000 0.182463 0 0.148577 60.8725 0 1.71801 0 0 0 1.71801 0 242.907
29.9 1000 0.206207 0 0.162128 61.1963 0 1.732 0 0 0 1.732 0 242.609
30 1000 0.208914 0 0.181294 61.8021 0 1.89208 0 0 0 1.89208 0 243.375
30.1 1000 0.210582 0 0.171191 62.139 0 1.93046 0 0 0 1.93046 0 243.823
30.2 1000 0.204989 0 0.186676 61.8988 0 1.83491 0 0 0 1.83491 0 244.47
30.3 1000 0.207389 0 0.174057 62.0817 0 1.68303 0 0 0 1.68303 0 245.474
30.4 1000 0.234798 0 0.159919 62.0408 0 1.61355 0 0 0 1.61355 0 247.41
30.5 1000 0.243349 0 0.140889 62.0424 0 1.90143 0 0 0 1.90143 0 247.265
30.6 1000 0.245871 0 0.133806 62.2442 0 1.39514 0 0 0 1.39514 0 247.516
30.7 1000 0.227974 0 0.138116 62.3117 0 1.23183 0 0 0 1.23183 0 248.152
30.8 1000 0.23071 0 0.163101 62.6621 0 0.730831 0 0 0 0.730831 0 250.436
30.9 1000 0.212483 0 0.201438 62.6492 0 0.725997 0 0 0 0.725997 0 251.027
31 1000 0.206116 0 0.210485 62.4079 0 0.971067 0 0 0 0.971067 0 251.922
31.1 1000 0.198384 0 0.237748 62.5123 0 0.534085 0 0 0 0.534085 0 252.517
31.2 1000 0.200076 0 0.216939 62.3849 0 1.54435 0 0 0 1.54435 0 251.594
31.3 1000 0.216752 0 0.192645 62.2638 0 1.5934 0 0 0 1.5934 0 253.829
31.4 1000 0.224778 0 0.203665 62.2704 0 1.90967 0 0 0 1.90967 0 254.793
31.5 1000 0.218006 0 0.191517 62.5215 0 2.22967 0 0 0 2.22967 0 256.451
31.6 1000 0.190803 0 0.19686 62.9097 0 1.92425 0 0 0 1.92425 0 257.421
31.7 1000 0.201086 0 0.179243 63.1033 0 1.811 0 0 0 1.811 0 257.06
31.8 1000 0.213068 0 0.211516 63.1298 0 1.86592 0 0 0 1.86592 0 258.32
31.9 1000 0.225796 0 0.169653 63.0726 0 2.00972 0 0 0 2.00972 0 260.099
32 1000 0.226355 0 0.156672 63.6119 0 2.12233 0 0 0 2.12233 0 261.48
32.1 1000 0.219807 0 0.111254 63.7013 0 2.08159 0 0 0 2.08159 0 262.533
32.2 1000 0.22099 0 0.0640828 63.6791 0 2.40114 0 0 0 2.40114 0 263.714
32.3 1000 0.226039 0 0.0979863 63.7847 0 1.89445 0 0 0 1.89445 0 263.688
32.4 1000 0.218386 0 0.0719128 63.8366 0 1.84941 0 0 0 1.84941 0 263.559
32.5 1000 0.235346 0 0.0484919 63.9516 0 1.72762 0 0 0 1.72762 0 265.803
32.6 1000 0.231231 0 0.108304 63.9447 0 1.84564 0 0 0 1.84564 0 267.591
32.7 1000 0.222347 0 0.133594 63.8932 0 1.66816 0 0 0 1.66816 0 267.102
32.8 1000 0.199006 0 0.155568 63.8112 0 1.6004 0 0 0 1.6004 0 267.43
32.9 1000 0.172301 0 0.135404 63.5098 0 0.938609 0 0 0 0.938609 0 267.557
33 1000 0.151989 0 0.0969432 63.7533 0 1.00034 0 0 0 1.00034 0 269.285
33.1 1000 0.16887 0 0.101814 64.1758 0 0.428643 0 0 0 0.428643 0 269.294
33.2 1000 0.194028 0 0.150121 64.484 0 0.434702 0 0 0 0.434702 0 270.523
33.3 1000 0.172014 0 0.158663 64.2822 0 0.5814 0 0 0 0.5814 0 272.178
33.4 1000 0.164699 0 0.207573 64.5523 0 0.340695 0 0 0 0.340695 0 273.101
33.5 1000 0.190457 0 0.207428 64.741 0 0.829639 0 0 0 0.829639 0 274.723
33.6 1000 0.207527 0 0.16736 64.5634 0 0.540708 0 0 0 0.540708 0 276.226
33.7 1000 0.225108 0 0.173106 64.7088 0 0.636352 0 0 0 0.636352 0 277.198
33.8 1000 0.236311 0 0.175243 65.0411 0 0.844529 0 0 0 0.844529 0 277.751
33.9 1000 0.215287 0 0.19323 65.2188 0 0.377625 0 0 0 0.377625 0 278.957
34 1000 0.206039 0 0.166351 65.8906 0 0.297943 0 0 0 0.297943 0 278.851
34.1 1000 0.182618 0 0.170831 65.6277 0 0.109816 0 0 0 0.109816 0 280.838
34.2 1000 0.180114 0 0.152699 65.7593 0 0.321203 0 0 0 0.321203 0 282.09
34.3 1000 0.185216 0 0.135449 65.8939 0 0.544428 0 0 0 0.544428 0 284.151
34.4 1000 0.147037 0 0.136597 66.0104 0 0.600283 0 0 0 0.600283 0 284.243
34.5 1000 0.125974 0 0.169105 66.4181 0 0.843362 0 0 0 0.843362 0 285.995
34.6 1000 0.146901 0 0.143414 66.414 0 0.686304 0 0 0 0.686304 0 285.26
34.7 1000 0.145054 0 0.169642 66.645 0 1.18987 0 0 0 1.18987 0 286.392
34.8 1000 0.149978 0 0.147063 66.2813 0 1.1932 0 0 0 1.1932 0 284.868
34.9 1000 0.151147 0 0.17616 66.3547 0 1.16567 0 0 0 1.16567 0 286.428
35 1000 0.172704 0 0.148512 66.6405 0 1.23437 0 0 0 1.23437 0 285.975
35.1 1000 0.189313 0 0.171495 66.7209 0 0.820543 0 0 0 0.820543 0 287.472
35.2 1000 0.167859 0 0.193753 67.1592 0 0.860295 0 0 0 0.860295 0 289.332
35.3 1000 0.156307 0 0.167405 67.6644 0 0.379607 0 0 0 0.379607 0 291.389
35.4 1000 0.153839 0 0.208193 68.0021 0 0.509277 0 0 0 0.509277 0 292.376
35.5 1000 0.138504 0 0.186364 68.0128 0 0.465117 0 0 0 0.465117 0 293.213
35.6 1000 0.136019 0 0.253636 68.2981 0 0.222711 0 0 0 0.222711 0 294.421
35.7 1000 0.11579 0 0.214904 68.328 0 -0.152792 0 0 0 -0.152792 0 294.563
35.8 1000 0.0863407 0 0.174413 68.5066 0 -0.365491 0 0 0 -0.365491 0 295.21
35.9 1000 0.101053 0 0.186033 68.483 0 -0.494861 0 0 0 -0.494861 0 295.978
36 1000 0.115537 0 0.200183 68.5479 0 -0.612745 0 0 0 -0.612745 0 296.401
36.1 1000 0.123173 0 0.170896 68.8885 0 -0.773767 0 0 0 -0.773767 0 297.498
36.2 1000 0.125653 0 0.160602 69.0552 0 -0.437618 0 0 0 -0.437618 0 299.534
36.3 1000 0.151627 0 0.145959 69.1402 0 -0.507131 0 0 0 -0.507131 0 300.484
36.4 1000 0.164914 0 0.144112 69.3254 0 -0.962106 0 0 0 -0.962106 0 302.049
36.5 1000 0.179837 0 0.128938 69.2383 0 -1.90755 0 0 0 -1.90755 0 302.87
36.6 1000 0.170907 0 0.10201 69.462 0 -1.63226 0 0 0 -1.63226 0 304.305
36.7 1000 0.164894 0 0.150265 69.7474 0 -2.06227 0 0 0 -2.06227 0 305.109
36.8 1000 0.140599 0 0.177553 70.0555 0 -2.03037 0 0 0 -2.03037 0 304.856
36.9 1000 0.143687 0 0.135647 70.0286 0 -2.17073 0 0 0 -2.17073 0 304.493
37 1000 0.140189 0 0.164513 70.397 0 -2.92404 0 0 0 -2.92404 0 305.923
37.1 1000 0.144693 0 0.141743 70.6563 0 -3.07655 0 0 0 -3.07655 0 305.502
37.2 1000 0.123111 0 0.125971 70.7838 0 -2.51291 0 0 0 -2.51291 0 306.227
37.3 1000 0.124177 0 0.142515 71.6037 0 -2.58483 0 0 0 -2.58483 0 307.186
37.4 1000 0.133442 0 0.156879 71.8585 0 -2.83561 0 0 0 -2.83561 0 308.313
37.5 1000 0.130484 0 0.142843 72.1534 0 -2.6606 0 0 0 -2.6606 0 309.625
37.6 1000 0.159555 0 0.158415 72.2475 0 -2.09492 0 0 0 -2.09492 0 310.562
37.7 1000 0.143996 0 0.127442 72.2053 0 -1.69107 0 0 0 -1.69107 0 310.34
37.8 1000 0.146799 0 0.145927 72.3248 0 -0.968934 0 0 0 -0.968934 0 311.632
37.9 1000 0.146251 0 0.108398 72.9335 0 -1.48232 0 0 0 -1.48232 0 311.952
38 1000 0.164602 0 0.152932 72.8961 0 -2.07956 0 0 0 -2.07956 0 311.755
38.1 1000 0.159737 0 0.140709 73.1217 0 -1.81254 0 0 0 -1.81254 0 310.931
38.2 1000 0.154597 0 0.114982 73.4013 0 -1.64098 0 0 0 -1.64098 0 312.867
38.3 1000 0.140403 0 0.131198 73.5265 0 -1.96342 0 0 0 -1.96342 0 313.497
38.4 1000 0.121725 0 0.150254 73.7208 0 -1.9585 0 0 0 -1.9585 0 314.09
38.5 1000 0.100458 0 0.113595 73.8531 0 -2.50868 0 0 0 -2.50868 0 315.471
38.6 1000 0.062201 0 0.142519 74.062 0 -2.28682 0 0 0 -2.28682 0 316.074
38.7 1000 0.0748304 0 0.128655 74.3004 0 -2.28647 0 0 0 -2.28647 0 315.36
38.8 1000 0.0727527 0 0.118556 74.904 0 -2.07172 0 0 0 -2.07172 0 314.909
38.9 1000 0.0450137 0 0.0767776 74.7997 0 -2.03033 0 0 0 -2.03033 0 314.34
39 1000 0.0306008 0 0.0703567 74.282 0 -2.13298 0 0 0 -2.13298 0 314.835
39.1 1000 0.0378098 0 0.0682543 74.5895 0 -2.4952 0 0 0 -2.4952 0 316.128
39.2 1000 0.0474673 0 0.0748624 75.1576 0 -3.15511 0 0 0 -3.15511 0 316.63
39.3 1000 0.038047 0 0.0262711 75.0928 0 -3.7639 0 0 0 -3.7639 0 317.641
39.4 1000 0.0205217 0 0.0285992 75.5108 0 -4.03532 0 0 0 -4.03532 0 317.903
39.5 1000 0.0309867 0 0.0470193 75.8242 0 -3.64076 0 0 0 -3.64076 0 318.38
39.6 1000 0.0356209 0 0.059187 76.1101 0 -3.69528 0 0 0 -3.69528 0 318.579
39.7 1000 0.0543586 0 0.0413949 76.3491 0 -4.0489 0 0 0 -4.0489 0 318.296
39.8 1000 0.0544032 0 0.0155323 76.7591 0 -3.73199 0 0 0 -3.73199 0 319.631
39.9 1000 0.0158966 0 -0.044638 77.1456 0 -3.98672 0 0 0 -3.98672 0 319.946
40 1000 -0.00215917 0 0.0030709 77.847 0 -4.28913 0 0 0 -4.28913 0 321.898
40.1 1000 -0.00130517 0 -0.0118633 77.704 0 -3.75913 0 0 0 -3.75913 0 323.126
40.2 1000 -0.0332402 0 0.0175548 78.0824 0 -4.19118 0 0 0 -4.19118 0 324.314
40.3 1000 -0.0515609 0 0.0545644 78.3861 0 -4.00471 0 0 0 -4.00471 0 324.771
40.4 1000 -0.0708242 0 0.0880791 78.653 0 -3.67709 0 0 0 -3.67709 0 324.597
40.5 1000 -0.0487214 0 0.0845071 78.846 0 -3.40919 0 0 0 -3.40919 0 326.12
40.6 1000 -0.0308098 0 0.0424145 79.2211 0 -3.3193 0 0 0 -3.3193 0 327.562
40.7 1000 -0.041329 0 0.096163 79.604 0 -2.96203 0 0 0 -2.96203 0 327.439
40.8 1000 -0.0610857 0 0.104157 79.5986 0 -3.56014 0 0 0 -3.56014 0 328.381
40.9 1000 -0.0551966 0 0.108134 79.6414 0 -3.92003 0 0 0 -3.92003 0 329.716
41 1000 -0.0399258 0 0.0905876 80.5071 0 -4.0555 0 0 0 -4.0555 0 331.6
41.1 1000 -0.0381846 0 0.0996099 80.8251 0 -4.09921 0 0 0 -4.09921 0 331.019
41.2 1000 -0.0311589 0 0.109809 81.1838 0 -3.75422 0 0 0 -3.75422 0 330.248
41.3 1000 -0.0560957 0 0.0820128 81.2521 0 -3.41481 0 0 0 -3.41481 0 330.752
41.4 1000 -0.0363692 0 0.0524505 81.6598 0 -3.62764 0 0 0 -3.62764 0 331.39
41.5 1000 -0.0543359 0 0.0728151 82.2886 0 -3.40772 0 0 0 -3.40772 0 334.219
41.6 1000 -0.058672 0 -0.0104353 82.1074 0 -3.48415 0 0 0 -3.48415 0 334.526
41.7 1000 -0.0636359 0 0.0351264 82.734 0 -3.58336 0 0 0 -3.58336 0 334.97
41.8 1000 -0.0869041 0 0.0967104 83.2726 0 -3.35744 0 0 0 -3.35744 0 334.706
41.9 1000 -0.0862028 0 0.0759795 83.621 0 -3.12243 0 0 0 -3.12243 0 335.214
42 1000 -0.070883 0 0.125008 84.1305 0 -3.13914 0 0 0 -3.13914 0 334.884
42.1 1000 -0.0551776 0 0.149614 84.2076 0 -3.1162 0 0 0 -3.1162 0 335.663
42.2 1000 -0.0406422 0 0.179439 84.4222 0 -3.12566 0 0 0 -3.12566 0 334.545
42.3 1000 -0.0433048 0 0.240971 84.7356 0 -3.41379 0 0 0 -3.41379 0 335.614
42.4 1000 -0.0342297 0 0.27875 85.073 0 -3.26939 0 0 0 -3.26939 0 337.85
42.5 1000 -0.0295031 0 0.257686 85.3339 0 -3.00866 0 0 0 -3.00866 0 339.335
42.6 1000 -0.012841 0 0.274296 85.2524 0 -3.62127 0 0 0 -3.62127 0 340.646
42.7 1000 -0.000832022 0 0.261776 85.6076 0 -4.01815 0 0 0 -4.01815 0 342.563
42.8 1000 -0.0144308 0 0.287256 85.9047 0 -4.31714 0 0 0 -4.31714 0 343.257
42.9 1000 -0.00573468 0 0.25035 86.3128 0 -4.86551 0 0 0 -4.86551 0 342.992
43 1000 9.16289e-05 0 0.229687 86.5589 0 -4.92445 0 0 0 -4.92445 0 341.991
43.1 1000 -0.0205069 0 0.203735 86.4883 0 -4.78446 0 0 0 -4.78446 0 342.459
43.2 1000 -0.047237 0 0.202287 86.9235 0 -4.68492 0 0 0 -4.68492 0 340.98
43.3 1000 -0.0558257 0 0.191745 86.9867 0 -4.66572 0 0 0 -4.66572 0 342.217
43.4 1000 -0.0658831 0 0.199224 87.0573 0 -5.12339 0 0 0 -5.12339 0 345.539
43.5 1000 -0.0693236 0 0.23267 87.481 0 -5.023 0 0 0 -5.023 0 346.314
43.6 1000 -0.0505792 0 0.263377 87.3627 0 -5.44849 0 0 0 -5.44849 0 346.609
43.7 1000 -0.0409135 0 0.278409 87.5601 0 -5.42521 0 0 0 -5.42521 0 349.819
43.8 1000 -0.0328544 0 0.302607 87.7819 0 -4.88931 0 0 0 -4.88931 0 350.186
43.9 1000 -0.0572319 0 0.308028 88.2638 0 -5.00034 0 0 0 -5.00034 0 351.241
44 1000 -0.0516595 0 0.32771 88.6389 0 -4.99661 0 0 0 -4.99661 0 351.451
44.1 1000 -0.0245769 0 0.385126 88.7231 0 -5.32634 0 0 0 -5.32634 0 352.355
44.2 1000 -0.0403275 0 0.392825 89.2954 0 -5.89772 0 0 0 -5.89772 0 353.364
44.3 1000 -0.0185015 0 0.36449 89.462 0 -6.463 0 0 0 -6.463 0 353.988
44.4 1000 -0.00653216 0 0.30592 89.9162 0 -5.65497 0 0 0 -5.65497 0 354.54
44.5 1000 0.0181159 0 0.321552 90.0609 0 -5.39084 0 0 0 -5.39084 0 357.154
44.6 1000 0.0371287 0 0.347326 90.1588 0 -5.64003 0 0 0 -5.64003 0 356.759
44.7 1000 0.026556 0 0.345262 90.0519 0 -5.94313 0 0 0 -5.94313 0 357.297
44.8 1000 0.0299757 0 0.356957 90.4332 0 -5.41753 0 0 0 -5.41753 0 357.763
44.9 1000 0.0311326 0 0.349511 90.7811 0 -5.11591 0 0 0 -5.11591 0 357.503
45 1000 0.0338188 0 0.346166 90.7006 0 -4.99763 0 0 0 -4.99763 0 358.721
45.1 1000 0.0353903 0 0.334415 90.6178 0 -5.32778 0 0 0 -5.32778 0 359.883
45.2 1000 0.0259375 0 0.295094 90.7739 0 -5.60329 0 0 0 -5.60329 0 359.688
45.3 1000 -0.000923142 0 0.328392 91.1612 0 -5.65243 0 0 0 -5.65243 0 359.49
45.4 1000 -0.00137181 0 0.346093 91.1532 0 -4.89717 0 0 0 -4.89717 0 361.398
45.5 1000 -0.00755651 0 0.38201 91.5189 0 -4.60441 0 0 0 -4.60441 0 362.625
45.6 1000 -0.00402783 0 0.373451 92.0059 0 -3.86501 0 0 0 -3.86501 0 362.826
45.7 1000 0.0176195 0 0.411625 92.1075 0 -3.4963 0 0 0 -3.4963 0 364.378
45.8 1000 0.00862336 0 0.427857 92.4913 0 -3.61009 0 0 0 -3.61009 0 366.376
45.9 1000 0.0186713 0 0.434624 93.0165 0 -3.2965 0 0 0 -3.2965 0 368.043
46 1000 0.00896962 0 0.43239 93.163 0 -2.99282 0 0 0 -2.99282 0 366.87
46.1 1000 0.00891373 0 0.449917 93.3563 0 -2.86952 0 0 0 -2.86952 0 367.243
46.2 1000 0.0141779 0 0.425541 93.3999 0 -2.96551 0 0 0 -2.96551 0 367.852
46.3 1000 0.0176643 0 0.380279 93.5674 0 -3.03181 0 0 0 -3.03181 0 367.378
46.4 1000 0.00634105 0 0.320792 93.6623 0 -2.40108 0 0 0 -2.40108 0 369.444
46.5 1000 0.0259425 0 0.355617 93.7299 0 -2.31533 0 0 0 -2.31533 0 371.048
46.6 1000 0.019033 0 0.354975 94.2129 0 -2.13822 0 0 0 -2.13822 0 372.24
46.7 1000 0.0350502 0 0.318725 94.4258 0 -2.67702 0 0 0 -2.67702 0 373.528
46.8 1000 0.0237006 0 0.360158 95.0582 0 -2.18538 0 0 0 -2.18538 0 374.569
46.9 1000 0.0245418 0 0.371827 95.1941 0 -1.48905 0 0 0 -1.48905 0 376.458
47 1000 0.0281556 0 0.398917 95.9231 0 -0.806864 0 0 0 -0.806864 0 377.004
47.1 1000 -0.000672916 0 0.372351 96.0415 0 -0.747092 0 0 0 -0.747092 0 378.706
47.2 1000 -0.00644807 0 0.408933 96.3533 0 -0.335162 0 0 0 -0.335162 0 381.131
47.3 1000 0.00370193 0 0.409309 96.1576 0 0.25107 0 0 0 0.25107 0 383.144
47.4 1000 0.00792873 0 0.427436 96.1973 0 1.28067 0 0 0 1.28067 0 385.695
47.5 1000 0.0121829 0 0.413953 96.0181 0 1.4466 0 0 0 1.4466 0 386.3
47.6 1000 0.000657862 0 0.449902 96.5946 0 1.7337 0 0 0 1.7337 0 385.849
47.7 1000 -0.000561163 0 0.456407 97.2874 0 1.67674 0 0 0 1.67674 0 387.092
47.8 1000 0.0168213 0 0.520287 97.9766 0 1.01632 0 0 0 1.01632 0 387.142
47.9 1000 0.0291003 0 0.512414 97.9058 0 1.24183 0 0 0 1.24183 0 389.202
48 1000 0.0314121 0 0.482447 98.1506 0 1.35513 0 0 0 1.35513 0 392.165
48.1 1000 0.0150905 0 0.481522 98.6358 0 1.35553 0 0 0 1.35553 0 393.502
48.2 1000 0.0439391 0 0.471816 98.9941 0 1.25744 0 0 0 1.25744 0 394.441
48.3 1000 0.030735 0 0.50095 99.0279 0 1.94659 0 0 0 1.94659 0 395.888
48.4 1000 0.0465859 0 0.435655 99.0198 0 1.63048 0 0 0 1.63048 0 396.567
48.5 1000 0.0500296 0 0.421642 99.1887 0 1.39909 0 0 0 1.39909 0 396.385
48.6 1000 0.0397886 0 0.452825 99.0187 0 1.45443 0 0 0 1.45443 0 397.699
48.7 1000 0.0240361 0 0.465069 99.9183 0 2.04294 0 0 0 2.04294 0 399.787
48.8 1000 0.00452234 0 0.434832 99.7808 0 1.64441 0 0 0 1.64441 0 399.563
48.9 1000 -0.0054278 0 0.452857 100.163 0 2.05514 0 0 0 2.05514 0 399.648
49 1000 -0.0141413 0 0.452872 100.486 0 1.876 0 0 0 1.876 0 399.444
49.1 1000 -0.00915665 0 0.417995 100.607 0 2.30398 0 0 0 2.30398 0 400.526
49.2 1000 -0.0198112 0 0.417691 100.366 0 2.81391 0 0 0 2.81391 0 401.402
49.3 1000 -0.0237535 0 0.380215 100.535 0 2.65833 0 0 0 2.65833 0 402.631
49.4 1000 0.00225081 0 0.333933 100.563 0 2.83758 0 0 0 2.83758 0 403.434
49.5 1000 0.0113127 0 0.353577 100.398 0 2.54265 0 0 0 2.54265 0 404.795
49.6 1000 -0.0212608 0 0.396358 100.901 0 2.71063 0 0 0 2.71063 0 405.514
49.7 1000 -0.0238259 0 0.4305 101 0 2.47343 0 0 0 2.47343 0 406.953
49.8 1000 -0.0519996 0 0.432727 101.09 0 2.63547 0 0 0 2.63547 0 407.72
49.9 1000 -0.0631836 0 0.455415 100.939 0 1.87229 0 0 0 1.87229 0 408.516
50 1000 -0.0604895 0 0.440083 100.879 0 1.5235 0 0 0 1.5235 0 408.983
50.1 1000 -0.0565456 0 0.430926 101.072 0 1.61562 0 0 0 1.61562 0 409.716
50.2 1000 -0.0583176 0 0.417852 101.482 0 1.22435 0 0 0 1.22435 0 413.779
50.3 1000 -0.0672963 0 0.405759 101.694 0 1.16308 0 0 0 1.16308 0 416.4
50.4 1000 -0.0797907 0 0.411258 102.042 0 1.38378 0 0 0 1.38378 0 417.905
50.5 1000 -0.0774394 0 0.386766 102.207 0 1.07839 0 0 0 1.07839 0 417.893
50.6 1000 -0.0724112 0 0.384389 102.289 0 0.369095 0 0 0 0.369095 0 417.066
50.7 1000 -0.0943766 0 0.427694 102.387 0 0.540046 0 0 0 0.540046 0 418.244
50.8 1000 -0.08105 0 0.360375 103.013 0 0.932094 0 0 0 0.932094 0 418.629
50.9 1000 -0.059503 0 0.363879 103.289 0 1.53732 0 0 0 1.53732 0 420.363
51 1000 -0.0750861 0 0.362102 103.508 0 2.02068 0 0 0 2.02068 0 420.314
51.1 1000 -0.0768672 0 0.37047 103.775 0 2.39372 0 0 0 2.39372 0 421.344
51.2 1000 -0.0703732 0 0.362446 103.683 0 1.63015 0 0 0 1.63015 0 421.095
51.3 1000 -0.0623641 0 0.37929 103.673 0 1.28566 0 0 0 1.28566 0 421.664
51.4 1000 -0.0669182 0 0.410663 103.649 0 0.884184 0 0 0 0.884184 0 424.207
51.5 1000 -0.0880154 0 0.439254 103.352 0 0.519332 0 0 0 0.519332 0 423.749
51.6 1000 -0.091307 0 0.457648 103.93 0 -0.378927 0 0 0 -0.378927 0 424.428
51.7 1000 -0.0979604 0 0.460583 104.445 0 -0.524044 0 0 0 -0.524044 0 426.462
51.8 1000 -0.101519 0 0.453721 104.265 0 -0.109998 0 0 0 -0.109998 0 426.908
51.9 1000 -0.102711 0 0.459106 104.749 0 0.139556 0 0 0 0.139556 0 427.15
52 1000 -0.135409 0 0.44599 105.137 0 0.278343 0 0 0 0.278343 0 425.421
52.1 1000 -0.117273 0 0.458255 105.68 0 0.519949 0 0 0 0.519949 0 426.846
52.2 1000 -0.110701 0 0.491284 105.825 0 -0.0879652 0 0 0 -0.0879652 0 427.024
52.3 1000 -0.136119 0 0.452584 106.015 0 0.670403 0 0 0 0.670403 0 426.715
52.4 1000 -0.135819 0 0.441957 106.062 0 1.68367 0 0 0 1.68367 0 426.899
52.5 1000 -0.13121 0 0.413047 105.892 0 1.38994 0 0 0 1.38994 0 428.806
52.6 1000 -0.135604 0 0.351901 105.983 0 0.991492 0 0 0 0.991492 0 428.993
52.7 1000 -0.154704 0 0.358348 106.381 0 0.425075 0 0 0 0.425075 0 429.608
52.8 1000 -0.163678 0 0.356701 106.917 0 0.616735 0 0 0 0.616735 0 429.908
52.9 1000 -0.183351 0 0.363111 107.254 0 0.827608 0 0 0 0.827608 0 430.683
53 1000 -0.16824 0 0.301885 107.382 0 0.36053 0 0 0 0.36053 0 434.109
53.1 1000 -0.186635 0 0.302434 107.125 0 0.611173 0 0 0 0.611173 0 435.883
53.2 1000 -0.188114 0 0.297072 107.085 0 0.559624 0 0 0 0.559624 0 435.783
53.3 1000 -0.174304 0 0.274164 107.789 0 0.921054 0 0 0 0.921054 0 437.45
53.4 1000 -0.165058 0 0.246981 108.015 0 0.104884 0 0 0 0.104884 0 438.844
53.5 1000 -0.132259 0 0.243212 108.128 0 0.0799519 0 0 0 0.0799519 0 439.419
53.6 1000 -0.131318 0 0.222259 108.189 0 0.201803 0 0 0 0.201803 0 439.54
53.7 1000 -0.143975 0 0.288158 108.458 0 0.383821 0 0 0 0.383821 0 440.926
53.8 1000 -0.11564 0 0.310878 109.13 0 0.0498674 0 0 0 0.0498674 0 442.06
53.9 1000 -0.122702 0 0.332488 109.57 0 0.446769 0 0 0 0.446769 0 443.453
54 1000 -0.130383 0 0.328084 109.598 0 0.57872 0 0 0 0.57872 0 443.364
54.1 1000 -0.105725 0 0.34798 109.548 0 1.15003 0 0 0 1.15003 0 442.983
54.2 1000 -0.117581 0 0.374254 109.855 0 1.56272 0 0 0 1.56272 0 441.919
54.3 1000 -0.113985 0 0.409078 109.582 0 1.39537 0 0 0 1.39537 0 442.439
54.4 1000 -0.109995 0 0.425878 109.887 0 1.82964 0 0 0 1.82964 0 442.839
54.5 1000 -0.108968 0 0.459357 110.065 0 2.52855 0 0 0 2.52855 0 444.844
54.6 1000 -0.130039 0 0.446367 110.436 0 1.94964 0 0 0 1.94964 0 448.69
54.7 1000 -0.126796 0 0.444642 110.627 0 1.88609 0 0 0 1.88609 0 449.341
54.8 1000 -0.129299 0 0.462318 110.531 0 1.39084 0 0 0 1.39084 0 450.481
54.9 1000 -0.135277 0 0.488228 110.146 0 1.3345 0 0 0 1.3345 0 452.215
55 1000 -0.149414 0 0.509029 110.527 0 2.0766 0 0 0 2.0766 0 454.147
55.1 1000 -0.149892 0 0.516937 110.553 0 2.54307 0 0 0 2.54307 0 454.973
55.2 1000 -0.131499 0 0.566679 110.559 0 2.3707 0 0 0 2.3707 0 455.465
55.3 1000 -0.149852 0 0.563665 110.917 0 2.65645 0 0 0 2.65645 0 456.347
55.4 1000 -0.151777 0 0.558943 110.982 0 2.37942 0 0 0 2.37942 0 458.44
55.5 1000 -0.163092 0 0.45918 111.356 0 2.15736 0 0 0 2.15736 0 459.046
55.6 1000 -0.180411 0 0.484196 111.669 0 1.38979 0 0 0 1.38979 0 459.404
55.7 1000 -0.183372 0 0.451493 112.147 0 1.18052 0 0 0 1.18052 0 460.216
55.8 1000 -0.172516 0 0.445255 112.871 0 2.26418 0 0 0 2.26418 0 460.268
55.9 1000 -0.195842 0 0.449744 113.34 0 2.58743 0 0 0 2.58743 0 458.606
56 1000 -0.185326 0 0.443526 114.433 0 2.29757 0 0 0 2.29757 0 459.612
56.1 1000 -0.174165 0 0.421791 114.407 0 2.25157 0 0 0 2.25157 0 461.614
56.2 1000 -0.173877 0 0.426447 114.424 0 2.91799 0 0 0 2.91799 0 461.48
56.3 1000 -0.15909 0 0.472555 114.234 0 3.39466 0 0 0 3.39466 0 461.429
56.4 1000 -0.172725 0 0.479695 114.532 0 3.24793 0 0 0 3.24793 0 463.489
56.5 1000 -0.190314 0 0.464715 114.667 0 3.59773 0 0 0 3.59773 0 465.529
56.6 1000 -0.175836 0 0.451336 114.998 0 4.20293 0 0 0 4.20293 0 465.355
56.7 1000 -0.195365 0 0.429748 115.712 0 5.37411 0 0 0 5.37411 0 466.114
56.8 1000 -0.195895 0 0.383792 115.422 0 5.51368 0 0 0 5.51368 0 468.396
56.9 1000 -0.215108 0 0.379195 115.235 0 6.00617 0 0 0 6.00617 0 469.376
57 1000 -0.23854 0 0.350733 115.855 0 5.87414 0 0 0 5.87414 0 469.501
57.1 1000 -0.251149 0 0.33873 116.051 0 5.22911 0 0 0 5.22911 0 470.301
57.2 1000 -0.240889 0 0.289497 115.601 0 5.34077 0 0 0 5.34077 0 472.102
57.3 1000 -0.247837 0 0.259077 116.013 0 6.11938 0 0 0 6.11938 0 473.043
57.4 1000 -0.259795 0 0.258839 115.609 0 5.66564 0 0 0 5.66564 0 475.15
57.5 1000 -0.256398 0 0.264141 115.655 0 6.196 0 0 0 6.196 0 477.565
57.6 1000 -0.253438 0 0.247127 115.376 0 6.21078 0 0 0 6.21078 0 477.919
57.7 1000 -0.278497 0 0.244719 115.773 0 6.63475 0 0 0 6.63475 0 479.631
57.8 1000 -0.28952 0 0.255033 115.5 0 6.19132 0 0 0 6.19132 0 480.166
57.9 1000 -0.286678 0 0.260548 115.539 0 6.13201 0 0 0 6.13201 0 480.459
58 1000 -0.284748 0 0.252374 115.973 0 5.79109 0 0 0 5.79109 0 479.702
58.1 1000 -0.268494 0 0.260888 116.53 0 5.79919 0 0 0 5.79919 0 480.08
58.2 1000 -0.276481 0 0.277766 116.597 0 5.83274 0 0 0 5.83274 0 481.241
58.3 1000 -0.267472 0 0.271123 116.255 0 5.55338 0 0 0 5.55338 0 482.06
58.4 1000 -0.263203 0 0.280239 116.389 0 5.75779 0 0 0 5.75779 0 484.474
58.5 1000 -0.240474 0 0.260331 116.094 0 5.98706 0 0 0 5.98706 0 484.52
58.6 1000 -0.228901 0 0.277508 116.168 0 6.0922 0 0 0 6.0922 0 484.608
58.7 1000 -0.201099 0 0.207211 116.16 0 5.74069 0 0 0 5.74069 0 487.083
58.8 1000 -0.194644 0 0.105149 116.342 0 6.22118 0 0 0 6.22118 0 487.63
58.9 1000 -0.199587 0 0.0836572 116.603 0 6.06842 0 0 0 6.06842 0 488.717
59 1000 -0.202894 0 0.110385 116.695 0 5.50467 0 0 0 5.50467 0 490.612
59.1 1000 -0.203762 0 0.0930421 116.804 0 5.67629 0 0 0 5.67629 0 492.423
59.2 1000 -0.223198 0 0.0672552 117.177 0 6.62656 0 0 0 6.62656 0 492.65
59.3 1000 -0.230918 0 0.0801303 118.019 0 6.56417 0 0 0 6.56417 0 492.336
59.4 1000 -0.244641 0 0.0744195 118.671 0 8.21523 0 0 0 8.21523 0 492.811
59.5 1000 -0.255901 0 0.0707426 119.251 0 7.36792 0 0 0 7.36792 0 495.332
59.6 1000 -0.25238 0 0.0628391 119.199 0 7.06857 0 0 0 7.06857 0 495.857
59.7 1000 -0.245568 0 0.0527058 119.108 0 6.5465 0 0 0 6.5465 0 495.861
59.8 1000 -0.260968 0 0.0598756 119.724 0 5.91838 0 0 0 5.91838 0 496.5
59.9 1000 -0.23476 0 0.0253424 120.281 0 5.76823 0 0 0 5.76823 0 498.507
60 1000 -0.214272 0 0.0719457 120.53 0 6.75725 0 0 0 6.75725 0 499.049
60.1 1000 -0.198778 0 0.124073 120.854 0 6.47601 0 0 0 6.47601 0 501.17
60.2 1000 -0.210996 0 0.1615 121.534 0 5.68202 0 0 0 5.68202 0 501.33
60.3 1000 -0.222462 0 0.145747 121.872 0 5.84602 0 0 0 5.84602 0 502.219
60.4 1000 -0.220694 0 0.129313 122.064 0 5.48753 0 0 0 5.48753 0 503.887
60.5 1000 -0.230976 0 0.150685 122.269 0 6.47543 0 0 0 6.47543 0 503.335
60.6 1000 -0.226692 0 0.165705 122.38 0 6.05159 0 0 0 6.05159 0 503.498
60.7 1000 -0.244724 0 0.16345 122.107 0 6.22007 0 0 0 6.22007 0 505.552
60.8 1000 -0.239796 0 0.177454 122.096 0 6.90789 0 0 0 6.90789 0 504.705
60.9 1000 -0.225711 0 0.233124 122.612 0 7.25676 0 0 0 7.25676 0 502.981
61 1000 -0.221237 0 0.205077 122.396 0 7.90559 0 0 0 7.90559 0 505.298
61.1 1000 -0.223379 0 0.195121 122.533 0 7.58156 0 0 0 7.58156 0 506.69
61.2 1000 -0.206715 0 0.206656 123.579 0 7.51294 0 0 0 7.51294 0 508.071
61.3 1000 -0.196729 0 0.203487 123.732 0 8.31429 0 0 0 8.31429 0 506.232
61.4 1000 -0.182239 0 0.228231 124.32 0 8.32293 0 0 0 8.32293 0 506.524
61.5 1000 -0.193608 0 0.2625 124.744 0 8.37447 0 0 0 8.37447 0 506.848
61.6 1000 -0.157301 0 0.27791 125.257 0 8.47373 0 0 0 8.47373 0 506.76
61.7 1000 -0.147312 0 0.271754 124.394 0 8.71731 0 0 0 8.71731 0 508.062
61.8 1000 -0.169359 0 0.27069 124.532 0 8.97955 0 0 0 8.97955 0 508.288
61.9 1000 -0.156897 0 0.276101 124.831 0 9.35322 0 0 0 9.35322 0 510.696
62 1000 -0.155697 0 0.250838 124.487 0 9.20416 0 0 0 9.20416 0 512.524
62.1 1000 -0.155925 0 0.265896 125.094 0 9.37276 0 0 0 9.37276 0 512.923
62.2 1000 -0.167523 0 0.25559 125.318 0 9.99276 0 0 0 9.99276 0 514.805
62.3 1000 -0.158661 0 0.248352 125.706 0 10.5593 0 0 0 10.5593 0 517.043
62.4 1000 -0.149697 0 0.230178 125.557 0 11.034 0 0 0 11.034 0 517.993
62.5 1000 -0.15624 0 0.259263 126.089 0 11.2084 0 0 0 11.2084 0 515.519
62.6 1000 -0.163133 0 0.241044 126.245 0 11.1732 0 0 0 11.1732 0 514.012
62.7 1000 -0.139071 0 0.3099 126.482 0 11.2651 0 0 0 11.2651 0 515.259
62.8 1000 -0.145239 0 0.285045 126.828 0 10.9364 0 0 0 10.9364 0 517.641
62.9 1000 -0.15259 0 0.345629 127.525 0 10.352 0 0 0 10.352 0 519.528
63 1000 -0.1387 0 0.343128 127.347 0 9.73521 0 0 0 9.73521 0 520.65
63.1 1000 -0.166012 0 0.304713 127.309 0 9.19072 0 0 0 9.19072 0 522.218
63.2 1000 -0.183998 0 0.249331 127.717 0 9.25287 0 0 0 9.25287 0 521.73
63.3 1000 -0.185376 0 0.241273 127.823 0 9.74116 0 0 0 9.74116 0 522.38
63.4 1000 -0.173972 0 0.2258 128.032 0 9.39979 0 0 0 9.39979 0 522.897
63.5 1000 -0.178642 0 0.219457 127.87 0 9.61429 0 0 0 9.61429 0 523.351
63.6 1000 -0.178693 0 0.216535 127.904 0 8.90349 0 0 0 8.90349 0 526.717
63.7 1000 -0.200139 0 0.209716 127.718 0 9.2179 0 0 0 9.2179 0 525.138
63.8 1000 -0.208463 0 0.195154 127.639 0 9.40626 0 0 0 9.40626 0 525.007
63.9 1000 -0.219017 0 0.194759 127.901 0 9.73277 0 0 0 9.73277 0 524.897
64 1000 -0.225402 0 0.198555 127.45 0 9.63837 0 0 0 9.63837 0 525.757
64.1 1000 -0.225903 0 0.18856 127.093 0 9.58705 0 0 0 9.58705 0 526.613
64.2 1000 -0.219862 0 0.23927 127.065 0 8.87016 0 0 0 8.87016 0 528.333
64.3 1000 -0.204645 0 0.21549 127.021 0 8.67065 0 0 0 8.67065 0 529.391
64.4 1000 -0.189853 0 0.195658 127.643 0 7.65574 0 0 0 7.65574 0 531.716
64.5 1000 -0.19411 0 0.215496 128.433 0 6.65162 0 0 0 6.65162 0 530.498
64.6 1000 -0.207707 0 0.193142 128.868 0 6.7238 0 0 0 6.7238 0 530.233
64.7 1000 -0.216566 0 0.167693 129.128 0 6.12993 0 0 0 6.12993 0 532.012
64.8 1000 -0.17649 0 0.16575 129.449 0 6.5211 0 0 0 6.5211 0 533.805
64.9 1000 -0.180714 0 0.12977 129.403 0 6.64206 0 0 0 6.64206 0 535.778
65 1000 -0.179183 0 0.128134 129.86 0 6.36404 0 0 0 6.36404 0 536.132
65.1 1000 -0.17513 0 0.0868333 129.569 0 6.30261 0 0 0 6.30261 0 534.891
65.2 1000 -0.167409 0 0.0977345 130.376 0 6.13759 0 0 0 6.13759 0 537.082
65.3 1000 -0.181054 0 0.0647 130.682 0 5.80882 0 0 0 5.80882 0 538.014
65.4 1000 -0.149106 0 0.0391017 131.103 0 5.24939 0 0 0 5.24939 0 538.473
65.5 1000 -0.160133 0 0.062372 130.918 0 4.67042 0 0 0 4.67042 0 540.062
65.6 1000 -0.152589 0 0.0307358 131.746 0 5.81469 0 0 0 5.81469 0 539.992
65.7 1000 -0.17062 0 0.00825397 132.418 0 5.78727 0 0 0 5.78727 0 541.22
65.8 1000 -0.187963 0 0.00387754 132.618 0 5.3742 0 0 0 5.3742 0 544.457
65.9 1000 -0.186526 0 0.00961633 132.595 0 6.17201 0 0 0 6.17201 0 545.789
66 1000 -0.166326 0 -0.0319899 133.044 0 6.12337 0 0 0 6.12337 0 545.4
66.1 1000 -0.170525 0 -0.0254088 133.461 0 6.93483 0 0 0 6.93483 0 548.899
66.2 1000 -0.162711 0 -0.0474021 134.215 0 6.78461 0 0 0 6.78461 0 546.974
66.3 1000 -0.15526 0 0.0052229 134.599 0 6.20231 0 0 0 6.20231 0 547.21
66.4 1000 -0.146769 0 0.0284591 135.256 0 5.91759 0 0 0 5.91759 0 548.526
66.5 1000 -0.147986 0 0.0802832 135.51 0 6.06168 0 0 0 6.06168 0 551.433
66.6 1000 -0.178623 0 0.0728311 136.053 0 5.71794 0 0 0 5.71794 0 552.48
66.7 1000 -0.17013 0 0.0501152 136.051 0 4.98707 0 0 0 4.98707 0 553.287
66.8 1000 -0.166415 0 -0.016769 136.933 0 5.18934 0 0 0 5.18934 0 552.939
66.9 1000 -0.15233 0 0.0183206 136.825 0 4.25912 0 0 0 4.25912 0 552.582
67 1000 -0.13671 0 0.0452141 136.961 0 4.59768 0 0 0 4.59768 0 553.673
67.1 1000 -0.133082 0 0.0449142 136.899 0 4.43344 0 0 0 4.43344 0 554.154
67.2 1000 -0.145644 0 0.0192841 136.741 0 4.52127 0 0 0 4.52127 0 558.634
67.3 1000 -0.151508 0 0.0689263 136.555 0 4.13035 0 0 0 4.13035 0 557.63
67.4 1000 -0.145297 0 0.0845655 137.369 0 3.4443 0 0 0 3.4443 0 559.603
67.5 1000 -0.125704 0 0.0646197 137.581 0 3.02611 0 0 0 3.02611 0 561.555
67.6 1000 -0.128166 0 0.0852779 137.648 0 3.44714 0 0 0 3.44714 0 563.534
67.7 1000 -0.134795 0 0.106789 137.848 0 3.73031 0 0 0 3.73031 0 564.292
67.8 1000 -0.120239 0 0.149577 138.106 0 3.56265 0 0 0 3.56265 0 566.061
67.9 1000 -0.121555 0 0.167973 137.932 0 4.37347 0 0 0 4.37347 0 565.782
68 1000 -0.126169 0 0.153691 137.903 0 3.66839 0 0 0 3.66839 0 567.079
68.1 1000 -0.124267 0 0.143534 138.408 0 4.23651 0 0 0 4.23651 0 565.517
68.2 1000 -0.123254 0 0.136413 138.367 0 3.93439 0 0 0 3.93439 0 565.153
68.3 1000 -0.124294 0 0.149808 138.234 0 4.06457 0 0 0 4.06457 0 566.298
68.4 1000 -0.108735 0 0.0900474 138.277 0 4.22365 0 0 0 4.22365 0 567.335
68.5 1000 -0.0797434 0 0.0321636 138.531 0 4.39627 0 0 0 4.39627 0 566.267
68.6 1000 -0.0783055 0 0.0414151 138.253 0 3.9396 0 0 0 3.9396 0 565.27
68.7 1000 -0.0749719 0 0.0400957 138.324 0 4.1748 0 0 0 4.1748 0 565.812
68.8 1000 -0.0833705 0 0.0877093 139.068 0 4.30803 0 0 0 4.30803 0 566.218
68.9 1000 -0.075591 0 0.0628003 139.779 0 4.0842 0 0 0 4.0842 0 567.26
69 1000 -0.0578135 0 0.01682 139.686 0 3.97663 0 0 0 3.97663 0 568.188
69.1 1000 -0.0629513 0 0.0631833 140.01 0 3.4119 0 0 0 3.4119 0 566.272
69.2 1000 -0.0688437 0 0.0244096 140.004 0 3.4925 0 0 0 3.4925 0 569.546
69.3 1000 -0.0562138 0 -0.0142373 140.359 0 3.05311 0 0 0 3.05311 0 570.108
69.4 1000 -0.0783234 0 -0.0361848 140.845 0 2.57376 0 0 0 2.57376 0 567.979
69.5 1000 -0.0721365 0 -0.0790161 141.249 0 2.30597 0 0 0 2.30597 0 566.779
69.6 1000 -0.0410429 0 -0.0632883 141.014 0 2.69504 0 0 0 2.69504 0 569.603
69.7 1000 -0.0497167 0 -0.0643606 141.336 0 1.71219 0 0 0 1.71219 0 569.121
69.8 1000 -0.041793 0 -0.0669231 141.5 0 2.06306 0 0 0 2.06306 0 566.956
69.9 1000 -0.0321951 0 -0.0713917 141.981 0 2.0357 0 0 0 2.0357 0 568.757
70 1000 -0.0435319 0 -0.0823731 142.378 0 2.19073 0 0 0 2.19073 0 568.414
70.1 1000 -0.00736607 0 -0.0526369 142.97 0 1.92209 0 0 0 1.92209 0 568.755
70.2 1000 -0.0186218 0 -0.0571491 143.414 0 2.07383 0 0 0 2.07383 0 569.799
70.3 1000 0.00893305 0 -0.0643433 143.654 0 2.75667 0 0 0 2.75667 0 569.654
70.4 1000 0.00717784 0 -0.0722539 144.074 0 2.64957 0 0 0 2.64957 0 571.307
70.5 1000 0.0204826 0 -0.030062 144.58 0 3.04128 0 0 0 3.04128 0 572.527
70.6 1000 0.00490179 0 -0.00497094 144.9 0 3.39293 0 0 0 3.39293 0 571.125
70.7 1000 0.00568787 0 -0.00282664 145.853 0 3.65181 0 0 0 3.65181 0 570.598
70.8 1000 0.000182075 0 -0.00361635 146.537 0 3.25375 0 0 0 3.25375 0 568.936
70.9 1000 0.00845836 0 -0.0206009 147.16 0 3.81163 0 0 0 3.81163 0 570.416
71 1000 0.0216678 0 -0.0346285 147.558 0 5.04048 0 0 0 5.04048 0 572.305
71.1 1000 0.0234943 0 -0.0734135 147.34 0 4.77911 0 0 0 4.77911 0 573.603
71.2 1000 0.0432222 0 -0.0949246 147.637 0 4.97094 0 0 0 4.97094 0 572.895
71.3 1000 0.0441694 0 -0.0747008 147.278 0 4.33984 0 0 0 4.33984 0 572.316
71.4 1000 0.0494176 0 -0.161548 147.467 0 5.28733 0 0 0 5.28733 0 571.92
71.5 1000 0.0289312 0 -0.175476 147.801 0 5.89989 0 0 0 5.89989 0 572.026
71.6 1000 0.0194142 0 -0.170699 147.66 0 5.5812 0 0 0 5.5812 0 573.758
71.7 1000 0.0398819 0 -0.132635 148.333 0 6.03359 0 0 0 6.03359 0 573.292
71.8 1000 0.0363822 0 -0.143434 148.388 0 5.85709 0 0 0 5.85709 0 573.687
71.9 1000 0.0470703 0 -0.163108 148.539 0 5.85606 0 0 0 5.85606 0 573.559
72 1000 0.0448883 0 -0.161838 148.869 0 6.24063 0 0 0 6.24063 0 574.976
72.1 1000 0.0419672 0 -0.167601 148.255 0 6.20607 0 0 0 6.20607 0 576.32
72.2 1000 0.0415837 0 -0.155639 148.545 0 6.45111 0 0 0 6.45111 0 575.634
72.3 1000 0.0323416 0 -0.167434 148.432 0 6.56459 0 0 0 6.56459 0 577.261
72.4 1000 0.0492728 0 -0.15829 148.726 0 7.15103 0 0 0 7.15103 0 581.215
72.5 1000 0.0388616 0 -0.195608 149.118 0 7.91836 0 0 0 7.91836 0 581.022
72.6 1000 0.0519968 0 -0.164485 149.287 0 7.9487 0 0 0 7.9487 0 581.988
72.7 1000 0.0469507 0 -0.142437 149.316 0 7.44024 0 0 0 7.44024 0 581.285
72.8 1000 0.043059 0 -0.101924 149.86 0 8.045 0 0 0 8.045 0 583.205
72.9 1000 0.0633955 0 -0.115834 150.169 0 8.36335 0 0 0 8.36335 0 585.491
73 1000 0.0619278 0 -0.182679 150.446 0 8.86453 0 0 0 8.86453 0 584.749
73.1 1000 0.0685606 0 -0.144569 150.463 0 8.65189 0 0 0 8.65189 0 586.512
73.2 1000 0.0911804 0 -0.125942 150.672 0 8.32109 0 0 0 8.32109 0 587.461
73.3 1000 0.0970119 0 -0.12569 149.906 0 8.23199 0 0 0 8.23199 0 589.442
73.4 1000 0.096688 0 -0.151175 150.51 0 8.2354 0 0 0 8.2354 0 589.178
73.5 1000 0.105874 0 -0.172623 151.294 0 8.04955 0 0 0 8.04955 0 587.132
73.6 1000 0.0969752 0 -0.161179 151.264 0 8.61894 0 0 0 8.61894 0 590.227
73.7 1000 0.131837 0 -0.126047 151.915 0 7.59782 0 0 0 7.59782 0 590.641
73.8 1000 0.1472 0 -0.132274 151.656 0 6.99142 0 0 0 6.99142 0 591.757
73.9 1000 0.158203 0 -0.153677 151.929 0 6.59446 0 0 0 6.59446 0 593.921
74 1000 0.140016 0 -0.160584 152.163 0 5.8263 0 0 0 5.8263 0 593.66
74.1 1000 0.140123 0 -0.131259 152.243 0 5.89508 0 0 0 5.89508 0 593.414
74.2 1000 0.14555 0 -0.105745 152.306 0 5.26084 0 0 0 5.26084 0 594.156
74.3 1000 0.159769 0 -0.133216 152.401 0 4.85181 0 0 0 4.85181 0 594.184
74.4 1000 0.149715 0 -0.133509 152.565 0 4.56768 0 0 0 4.56768 0 595.231
74.5 1000 0.146713 0 -0.126854 152.6 0 3.88596 0 0 0 3.88596 0 594.733
74.6 1000 0.104829 0 -0.112196 152.725 0 4.32485 0 0 0 4.32485 0 594.129
74.7 1000 0.0987543 0 -0.0882732 152.308 0 4.12424 0 0 0 4.12424 0 595.304
74.8 1000 0.103169 0 -0.132108 152.74 0 3.97345 0 0 0 3.97345 0 596.769
74.9 1000 0.102066 0 -0.157842 152.941 0 4.07534 0 0 0 4.07534 0 596.365
75 1000 0.107993 0 -0.156467 152.937 0 4.25114 0 0 0 4.25114 0 598.076
75.1 1000 0.124073 0 -0.127476 152.925 0 4.34245 0 0 0 4.34245 0 596.781
75.2 1000 0.153402 0 -0.124211 153.24 0 4.40059 0 0 0 4.40059 0 598.805
75.3 1000 0.171011 0 -0.146077 153.069 0 5.20823 0 0 0 5.20823 0 600.123
75.4 1000 0.160566 0 -0.177276 153.76 0 5.44286 0 0 0 5.44286 0 598.832
75.5 1000 0.166526 0 -0.164564 153.941 0 5.46141 0 0 0 5.46141 0 600.253
75.6 1000 0.189592 0 -0.161217 154.063 0 5.18292 0 0 0 5.18292 0 605.22
75.7 1000 0.198087 0 -0.126465 154.687 0 5.45842 0 0 0 5.45842 0 606.157
75.8 1000 0.22184 0 -0.0823291 154.93 0 5.34028 0 0 0 5.34028 0 610.055
75.9 1000 0.194441 0 -0.0611237 155.337 0 5.44038 0 0 0 5.44038 0 611.641
76 1000 0.183368 0 -0.0484453 155.515 0 4.72363 0 0 0 4.72363 0 613.641
76.1 1000 0.162397 0 -0.0399698 155.681 0 4.38301 0 0 0 4.38301 0 614.254
76.2 1000 0.171987 0 -0.0141678 155.91 0 4.72476 0 0 0 4.72476 0 615.166
76.3 1000 0.17625 0 -0.00134983 156.534 0 4.62308 0 0 0 4.62308 0 617.229
76.4 1000 0.16836 0 0.00255631 156.8 0 4.17101 0 0 0 4.17101 0 618.532
76.5 1000 0.180709 0 -0.042699 156.818 0 3.85601 0 0 0 3.85601 0 620.641
76.6 1000 0.172381 0 -0.0416511 157.379 0 3.71498 0 0 0 3.71498 0 622.336
76.7 1000 0.17102 0 -0.0625821 157.757 0 4.03908 0 0 0 4.03908 0 625.115
76.8 1000 0.157855 0 -0.0390521 158.144 0 3.92794 0 0 0 3.92794 0 622.497
76.9 1000 0.149192 0 -0.0371756 158.379 0 4.79868 0 0 0 4.79868 0 623.238
77 1000 0.14296 0 -0.0361123 158.639 0 4.82906 0 0 0 4.82906 0 626.032
77.1 1000 0.127911 0 -0.04973 158.91 0 4.54678 0 0 0 4.54678 0 627.277
77.2 1000 0.134581 0 -0.0611078 159.315 0 4.43671 0 0 0 4.43671 0 630.111
77.3 1000 0.157424 0 -0.0732766 159.766 0 4.35321 0 0 0 4.35321 0 631.954
77.4 1000 0.171064 0 -0.084494 159.532 0 4.71912 0 0 0 4.71912 0 632.322
77.5 1000 0.180853 0 -0.10187 159.428 0 4.4745 0 0 0 4.4745 0 634.89
77.6 1000 0.167672 0 -0.0920584 159.909 0 4.31339 0 0 0 4.31339 0 636.713
77.7 1000 0.148952 0 -0.145213 159.608 0 4.13783 0 0 0 4.13783 0 637.386
77.8 1000 0.160423 0 -0.180197 159.666 0 4.2021 0 0 0 4.2021 0 637.337
77.9 1000 0.150552 0 -0.160921 159.445 0 4.54779 0 0 0 4.54779 0 639.701
78 1000 0.144165 0 -0.14959 159.583 0 5.11103 0 0 0 5.11103 0 641.04
78.1 1000 0.153375 0 -0.156634 160.156 0 5.57329 0 0 0 5.57329 0 644.564
78.2 1000 0.165753 0 -0.169969 160.326 0 5.4779 0 0 0 5.4779 0 643.44
78.3 1000 0.160353 0 -0.140728 160.462 0 5.15035 0 0 0 5.15035 0 642.023
78.4 1000 0.155298 0 -0.103179 161.052 0 5.26088 0 0 0 5.26088 0 642.575
78.5 1000 0.164492 0 -0.100441 161.063 0 4.86229 0 0 0 4.86229 0 642.682
78.6 1000 0.159167 0 -0.101373 161.742 0 4.47504 0 0 0 4.47504 0 642.673
78.7 1000 0.158002 0 -0.0855771 162.146 0 4.47833 0 0 0 4.47833 0 642.852
78.8 1000 0.142478 0 -0.0717392 162.609 0 3.67136 0 0 0 3.67136 0 642.09
78.9 1000 0.120783 0 -0.0701927 162.925 0 3.68237 0 0 0 3.68237 0 641.986
79 1000 0.128215 0 -0.0502337 163.611 0 3.60468 0 0 0 3.60468 0 644.428
79.1 1000 0.0991188 0 -0.0360879 163.942 0 4.51139 0 0 0 4.51139 0 644.612
79.2 1000 0.0959901 0 -0.0237478 163.911 0 4.41245 0 0 0 4.41245 0 644.744
79.3 1000 0.0714576 0 -0.00929724 164.348 0 3.96096 0 0 0 3.96096 0 646.142
79.4 1000 0.0855893 0 -0.0144534 164.706 0 4.30424 0 0 0 4.30424 0 648.173
79.5 1000 0.0769382 0 -0.028927 164.448 0 4.3714 0 0 0 4.3714 0 647.406
79.6 1000 0.0587863 0 -0.0433247 164.541 0 5.37831 0 0 0 5.37831 0 649.63
79.7 1000 0.0472399 0 0.00324993 165.704 0 6.15933 0 0 0 6.15933 0 650.779
79.8 1000 0.0501752 0 0.0261334 165.729 0 7.16268 0 0 0 7.16268 0 649.799
79.9 1000 0.0556185 0 0.0327675 166.577 0 7.25259 0 0 0 7.25259 0 649.99
80 1000 0.0227282 0 0.061519 166.987 0 7.74819 0 0 0 7.74819 0 650.072
80.1 1000 0.013674 0 0.0688804 167.076 0 7.18801 0 0 0 7.18801 0 648.611
80.2 1000 0.000507694 0 0.0469684 167.358 0 7.70706 0 0 0 7.70706 0 651.959
80.3 1000 0.00179038 0 -0.0199893 167.438 0 6.88566 0 0 0 6.88566 0 650.675
80.4 1000 -0.00611123 0 0.00658486 167.569 0 7.01447 0 0 0 7.01447 0 650.095
80.5 1000 -0.00915578 0 -0.0134794 167.856 0 7.4309 0 0 0 7.4309 0 650.43
80.6 1000 0.0125388 0 -0.000247955 167.956 0 7.68189 0 0 0 7.68189 0 652.235
80.7 1000 0.00730693 0 -0.0230954 168.021 0 7.67981 0 0 0 7.67981 0 654.235
80.8 1000 -0.00217945 0 -0.029771 168.587 0 8.05506 0 0 0 8.05506 0 652.041
80.9 1000 -0.000466667 0 -0.0469645 169.061 0 7.9201 0 0 0 7.9201 0 651.691
81 1000 -0.00794282 0 -0.0150009 169.595 0 7.46846 0 0 0 7.46846 0 650.241
81.1 1000 0.00118004 0 -0.0438443 169.624 0 7.24949 0 0 0 7.24949 0 649.993
81.2 1000 0.0143455 0 0.0154564 170.562 0 6.93288 0 0 0 6.93288 0 651.461
81.3 1000 0.0111329 0 0.02664 170.775 0 7.54429 0 0 0 7.54429 0 652.735
81.4 1000 0.0035305 0 0.0670531 171.384 0 7.2187 0 0 0 7.2187 0 654.27
81.5 1000 0.0118306 0 0.0715676 172.311 0 6.87929 0 0 0 6.87929 0 654.437
81.6 1000 0.00982201 0 0.0447224 172.794 0 6.56638 0 0 0 6.56638 0 655.465
81.7 1000 -0.00194834 0 0.0362208 172.494 0 5.81477 0 0 0 5.81477 0 657.226
81.8 1000 -0.00262554 0 0.00163792 172.515 0 5.22105 0 0 0 5.22105 0 656.908
81.9 1000 0.00314501 0 -0.0385572 172.989 0 4.72542 0 0 0 4.72542 0 656.423
82 1000 -0.00267972 0 -0.015574 173.155 0 4.89653 0 0 0 4.89653 0 658.192
82.1 1000 -0.00132484 0 0.0493222 172.936 0 5.81741 0 0 0 5.81741 0 657.703
82.2 1000 0.00335112 0 0.000382701 173.551 0 6.41468 0 0 0 6.41468 0 657.151
82.3 1000 0.0102394 0 0.0789104 173.572 0 6.30997 0 0 0 6.30997 0 659.329
82.4 1000 0.0236776 0 0.0853185 173.17 0 7.08477 0 0 0 7.08477 0 660.769
82.5 1000 0.0207104 0 0.0712601 173.395 0 7.14198 0 0 0 7.14198 0 661.273
82.6 1000 0.0235726 0 0.0778364 172.944 0 7.57207 0 0 0 7.57207 0 660.615
82.7 1000 0.0426066 0 0.100764 173.189 0 7.73266 0 0 0 7.73266 0 662.583
82.8 1000 0.064187 0 0.0476668 173.686 0 7.7056 0 0 0 7.7056 0 664.095
82.9 1000 0.0539808 0 0.0117963 174.231 0 8.10658 0 0 0 8.10658 0 665.57
83 1000 0.0472157 0 0.0225225 174.987 0 8.05176 0 0 0 8.05176 0 666.709
83.1 1000 0.0468409 0 0.0523359 175.016 0 8.2955 0 0 0 8.2955 0 667.307
83.2 1000 0.0601158 0 0.0258317 175.362 0 8.32645 0 0 0 8.32645 0 667.85
83.3 1000 0.0603615 0 0.0756713 175.665 0 8.66776 0 0 0 8.66776 0 669.218
83.4 1000 0.0389416 0 0.109443 176.479 0 9.19337 0 0 0 9.19337 0 670.811
83.5 1000 0.0515319 0 0.150191 175.87 0 8.40507 0 0 0 8.40507 0 670.558
83.6 1000 0.0458058 0 0.137566 175.677 0 8.0469 0 0 0 8.0469 0 673.622
83.7 1000 0.051499 0 0.137432 176.161 0 8.53838 0 0 0 8.53838 0 676.564
83.8 1000 0.042149 0 0.128518 176.325 0 7.954 0 0 0 7.954 0 676.727
83.9 1000 0.0521033 0 0.144787 176.233 0 7.43483 0 0 0 7.43483 0 676.545
84 1000 0.0618979 0 0.181054 176.34 0 7.5858 0 0 0 7.5858 0 676.273
84.1 1000 0.0535192 0 0.22344 176.783 0 7.75934 0 0 0 7.75934 0 679.071
84.2 1000 0.0654384 0 0.228206 176.917 0 8.98846 0 0 0 8.98846 0 679.954
84.3 1000 0.0595555 0 0.241313 177.167 0 8.60784 0 0 0 8.60784 0 680.899
84.4 1000 0.0685844 0 0.241876 177.291 0 9.19062 0 0 0 9.19062 0 682.222
84.5 1000 0.072274 0 0.235532 177.047 0 9.5029 0 0 0 9.5029 0 684.158
84.6 1000 0.0451885 0 0.23384 177.522 0 9.97073 0 0 0 9.97073 0 685.259
84.7 1000 0.0508609 0 0.216629 177.59 0 10.5335 0 0 0 10.5335 0 688.008
84.8 1000 0.044719 0 0.255512 177.827 0 10.5547 0 0 0 10.5547 0 688.136
84.9 1000 0.0353538 0 0.318015 177.667 0 10.5529 0 0 0 10.5529 0 687.212
85 1000 0.0450775 0 0.333719 178.806 0 11.0021 0 0 0 11.0021 0 687.43
85.1 1000 0.0412143 0 0.349054 178.707 0 11.7907 0 0 0 11.7907 0 688.381
85.2 1000 0.0407263 0 0.351609 179.112 0 12.307 0 0 0 12.307 0 689.168
85.3 1000 0.0319157 0 0.336092 179.427 0 12.0436 0 0 0 12.0436 0 691.605
85.4 1000 0.0309801 0 0.287995 179.518 0 12.1587 0 0 0 12.1587 0 692.641
85.5 1000 0.00604669 0 0.320149 179.667 0 11.9463 0 0 0 11.9463 0 694.637
85.6 1000 0.0156394 0 0.332438 179.346 0 11.3297 0 0 0 11.3297 0 692.321
85.7 1000 0.0247966 0 0.296318 179.382 0 11.5423 0 0 0 11.5423 0 691.339
85.8 1000 0.041679 0 0.297829 179.092 0 10.5437 0 0 0 10.5437 0 692.724
85.9 1000 0.0545414 0 0.332873 179.487 0 10.4028 0 0 0 10.4028 0 690.451
86 1000 0.0333342 0 0.313816 179.369 0 10.4357 0 0 0 10.4357 0 690.441
86.1 1000 0.0313226 0 0.269182 179.139 0 10.3599 0 0 0 10.3599 0 691.439
86.2 1000 0.0133252 0 0.327121 179.793 0 10.1851 0 0 0 10.1851 0 694.301
86.3 1000 0.0434313 0 0.269866 179.66 0 10.0287 0 0 0 10.0287 0 693.693
86.4 1000 0.0321489 0 0.312589 180.262 0 10.0811 0 0 0 10.0811 0 697.464
86.5 1000 0.0529216 0 0.348944 180.468 0 10.4645 0 0 0 10.4645 0 698.203
86.6 1000 0.0412843 0 0.356522 180.45 0 10.4097 0 0 0 10.4097 0 701.036
86.7 1000 0.0444863 0 0.399465 180.255 0 9.85987 0 0 0 9.85987 0 704.093
86.8 1000 0.0551718 0 0.411674 180.071 0 9.46115 0 0 0 9.46115 0 704.609
86.9 1000 0.065037 0 0.381493 180.155 0 9.83354 0 0 0 9.83354 0 705.857
87 1000 0.0440949 0 0.430059 180.675 0 10.8613 0 0 0 10.8613 0 708.872
87.1 1000 0.0463487 0 0.426063 180.827 0 11.1746 0 0 0 11.1746 0 708.456
87.2 1000 0.0410941 0 0.440826 181.387 0 10.887 0 0 0 10.887 0 709.322
87.3 1000 0.0439038 0 0.45152 181.247 0 10.6511 0 0 0 10.6511 0 710.223
87.4 1000 0.0546983 0 0.482151 181.319 0 10.1208 0 0 0 10.1208 0 710.903
87.5 1000 0.0535839 0 0.467062 181.485 0 10.0536 0 0 0 10.0536 0 709.179
87.6 1000 0.0603922 0 0.440304 181.846 0 9.97936 0 0 0 9.97936 0 714.152
87.7 1000 0.0922274 0 0.433495 182.229 0 9.93475 0 0 0 9.93475 0 713.662
87.8 1000 0.0969525 0 0.423116 182.341 0 10.0185 0 0 0 10.0185 0 715.209
87.9 1000 0.0982513 0 0.373524 182.156 0 10.0555 0 0 0 10.0555 0 715.947
88 1000 0.094578 0 0.418409 181.963 0 10.8155 0 0 0 10.8155 0 716.486
88.1 1000 0.106213 0 0.434994 181.952 0 10.706 0 0 0 10.706 0 717.959
88.2 1000 0.112979 0 0.447011 181.786 0 12.0358 0 0 0 12.0358 0 718.696
88.3 1000 0.102485 0 0.399639 182.366 0 13.0964 0 0 0 13.0964 0 720.005
88.4 1000 0.0962948 0 0.379263 182.292 0 12.3656 0 0 0 12.3656 0 718.972
88.5 1000 0.0927619 0 0.428909 181.54 0 12.4835 0 0 0 12.4835 0 719.731
88.6 1000 0.115337 0 0.394697 181.125 0 12.5451 0 0 0 12.5451 0 717.783
88.7 1000 0.114394 0 0.389347 180.474 0 12.3842 0 0 0 12.3842 0 718.779
88.8 1000 0.115324 0 0.394474 180.454 0 12.1568 0 0 0 12.1568 0 721.326
88.9 1000 0.130412 0 0.413058 179.651 0 11.9764 0 0 0 11.9764 0 725.449
89 1000 0.14391 0 0.407538 179.986 0 11.5456 0 0 0 11.5456 0 726.847
89.1 1000 0.151404 0 0.429384 179.875 0 11.2323 0 0 0 11.2323 0 729.641
89.2 1000 0.148973 0 0.43518 180.536 0 11.0777 0 0 0 11.0777 0 731.506
89.3 1000 0.159475 0 0.384173 181.057 0 11.5483 0 0 0 11.5483 0 731.622
89.4 1000 0.168483 0 0.348327 180.931 0 12.4655 0 0 0 12.4655 0 730.68
89.5 1000 0.161896 0 0.346837 181.279 0 12.3534 0 0 0 12.3534 0 730.552
89.6 1000 0.155428 0 0.368346 181.571 0 12.6281 0 0 0 12.6281 0 734.627
89.7 1000 0.154965 0 0.322316 181.924 0 13.4931 0 0 0 13.4931 0 734.074
89.8 1000 0.116303 0 0.307593 182.387 0 12.7239 0 0 0 12.7239 0 732.742
89.9 1000 0.106003 0 0.296848 182.533 0 12.5741 0 0 0 12.5741 0 732.773
90 1000 0.12907 0 0.232801 182.428 0 12.8089 0 0 0 12.8089 0 733.257
90.1 1000 0.100395 0 0.155955 182.01 0 13.0222 0 0 0 13.0222 0 734.562
90.2 1000 0.0925086 0 0.137648 182.098 0 12.3079 0 0 0 12.3079 0 733.977
90.3 1000 0.103657 0 0.0921511 182.139 0 13.4835 0 0 0 13.4835 0 735.597
90.4 1000 0.0964805 0 0.0800836 183.05 0 12.4699 0 0 0 12.4699 0 735.694
90.5 1000 0.10204 0 0.0781662 183.312 0 11.6061 0 0 0 11.6061 0 735.834
90.6 1000 0.105769 0 0.0473624 183.347 0 11.7646 0 0 0 11.7646 0 737.661
90.7 1000 0.0809814 0 -0.00145947 183.459 0 11.7464 0 0 0 11.7464 0 737.088
90.8 1000 0.103625 0 -0.0682168 183.178 0 10.6069 0 0 0 10.6069 0 738.649
90.9 1000 0.114802 0 -0.0651839 182.816 0 10.3422 0 0 0 10.3422 0 739.554
91 1000 0.123162 0 -0.0644796 183.254 0 10.0336 0 0 0 10.0336 0 739.706
91.1 1000 0.131076 0 -0.0229128 183.786 0 9.6822 0 0 0 9.6822 0 740.675
91.2 1000 0.150594 0 -0.0278765 183.356 0 9.43556 0 0 0 9.43556 0 739.198
91.3 1000 0.163948 0 -0.000524384 183.758 0 9.72252 0 0 0 9.72252 0 738.552
91.4 1000 0.176794 0 0.0231817 183.858 0 8.52997 0 0 0 8.52997 0 734.909
91.5 1000 0.176206 0 0.069688 184.428 0 8.853 0 0 0 8.853 0 736.753
91.6 1000 0.169791 0 0.0128047 185.118 0 9.53346 0 0 0 9.53346 0 737.469
91.7 1000 0.176106 0 0.0406777 185.634 0 10.3068 0 0 0 10.3068 0 738.507
91.8 1000 0.19792 0 0.0486383 185.315 0 10.4266 0 0 0 10.4266 0 740.148
91.9 1000 0.184974 0 0.0605894 185.212 0 10.8626 0 0 0 10.8626 0 738.987
92 1000 0.169226 0 0.0828412 185.875 0 9.76175 0 0 0 9.76175 0 738.621
92.1 1000 0.161156 0 0.0921805 186.05 0 9.48622 0 0 0 9.48622 0 738.997
92.2 1000 0.146244 0 0.0571629 186.697 0 9.15176 0 0 0 9.15176 0 739.268
92.3 1000 0.136887 0 0.0840279 186.989 0 9.72266 0 0 0 9.72266 0 739.019
92.4 1000 0.169762 0 0.065428 186.665 0 9.9028 0 0 0 9.9028 0 739.307
92.5 1000 0.167584 0 0.0509534 187.117 0 9.67791 0 0 0 9.67791 0 740.149
92.6 1000 0.182634 0 0.0662937 187.193 0 10.6389 0 0 0 10.6389 0 742.295
92.7 1000 0.169898 0 0.0787474 186.376 0 11.1452 0 0 0 11.1452 0 741.115
92.8 1000 0.154316 0 0.0614959 186.416 0 11.4478 0 0 0 11.4478 0 741.931
92.9 1000 0.122161 0 0.0649918 186.102 0 10.6599 0 0 0 10.6599 0 743.26
93 1000 0.140014 0 0.0688696 186.046 0 10.9121 0 0 0 10.9121 0 743.813
93.1 1000 0.13719 0 0.0143755 186.17 0 11.9086 0 0 0 11.9086 0 745.279
93.2 1000 0.134497 0 0.0645927 186.426 0 12.0115 0 0 0 12.0115 0 743.393
93.3 1000 0.118158 0 0.0433082 186.949 0 11.0293 0 0 0 11.0293 0 743.983
93.4 1000 0.116204 0 0.0378594 186.814 0 10.7804 0 0 0 10.7804 0 746.756
93.5 1000 0.103671 0 0.0226209 187.178 0 11.4786 0 0 0 11.4786 0 745.531
93.6 1000 0.106724 0 0.0237308 187.564 0 12.2544 0 0 0 12.2544 0 748.126
93.7 1000 0.123948 0 -0.0102975 187.141 0 12.6997 0 0 0 12.6997 0 748.693
93.8 1000 0.136522 0 0.0230894 187.234 0 11.9664 0 0 0 11.9664 0 750.899
93.9 1000 0.119259 0 0.0278779 187.531 0 12.6597 0 0 0 12.6597 0 751.264
94 1000 0.0745398 0 0.0101895 187.806 0 12.1754 0 0 0 12.1754 0 752.467
94.1 1000 0.0719628 0 0.0232499 188.806 0 12.4172 0 0 0 12.4172 0 754.198
94.2 1000 0.0511254 0 0.0307204 189.071 0 12.5566 0 0 0 12.5566 0 755.624
94.3 1000 0.0279435 0 0.0163587 189.418 0 12.1207 0 0 0 12.1207 0 758.789
94.4 1000 0.00040719 0 0.00920843 189.695 0 11.389 0 0 0 11.389 0 762.391
94.5 1000 0.0205419 0 0.0948118 190.253 0 10.6125 0 0 0 10.6125 0 760.571
94.6 1000 0.00266845 0 0.0744335 190.669 0 11.0505 0 0 0 11.0505 0 761.381
94.7 1000 0.0226422 0 0.0857941 190.774 0 11.3158 0 0 0 11.3158 0 762.43
94.8 1000 0.0243464 0 0.037314 190.547 0 12.0748 0 0 0 12.0748 0 761.269
94.9 1000 0.00979123 0 0.0387504 190.436 0 12.3683 0 0 0 12.3683 0 761.662
95 1000 0.0196819 0 0.0647816 191.146 0 13.4054 0 0 0 13.4054 0 763.739
95.1 1000 0.0246006 0 0.0752149 191.315 0 13.4874 0 0 0 13.4874 0 763.231
95.2 1000 0.0100363 0 0.0994345 191.267 0 14.122 0 0 0 14.122 0 764.021
95.3 1000 -0.00206395 0 0.11313 191.281 0 13.5394 0 0 0 13.5394 0 762.483
95.4 1000 -0.00706392 0 0.140984 191.048 0 13.1618 0 0 0 13.1618 0 762.077
95.5 1000 -0.0163529 0 0.174309 190.804 0 13.5828 0 0 0 13.5828 0 761.849
95.6 1000 -0.00790362 0 0.167701 191.212 0 14.281 0 0 0 14.281 0 763.063
95.7 1000 0.0147485 0 0.157693 190.604 0 14.0864 0 0 0 14.0864 0 763.77
95.8 1000 0.0025494 0 0.183206 190.275 0 15.4465 0 0 0 15.4465 0 766.669
95.9 1000 0.0078972 0 0.13587 190.281 0 15.8624 0 0 0 15.8624 0 766.304
96 1000 -0.00787896 0 0.167001 191.282 0 14.8862 0 0 0 14.8862 0 768.781
96.1 1000 0.000756212 0 0.185279 192.278 0 14.8736 0 0 0 14.8736 0 770.664
96.2 1000 0.0111422 0 0.151415 192.221 0 15.2267 0 0 0 15.2267 0 771.494
96.3 1000 -0.00879504 0 0.156526 192.567 0 14.4042 0 0 0 14.4042 0 773.334
96.4 1000 -0.0239212 0 0.122657 192.865 0 15.3088 0 0 0 15.3088 0 776.752
96.5 1000 -0.0394666 0 0.0875785 192.306 0 14.7015 0 0 0 14.7015 0 778.846
96.6 1000 -0.0338328 0 0.0654286 192.422 0 15.3206 0 0 0 15.3206 0 778.842
96.7 1000 -0.0146556 0 0.0783701 192.547 0 14.9743 0 0 0 14.9743 0 778.978
96.8 1000 -0.0396295 0 0.0707058 193.165 0 13.7449 0 0 0 13.7449 0 779.305
96.9 1000 -0.0544528 0 0.048601 193.139 0 13.8244 0 0 0 13.8244 0 779.299
97 1000 -0.0640385 0 0.0276436 193.303 0 13.828 0 0 0 13.828 0 780.835
97.1 1000 -0.0677823 0 0.0157229 193.103 0 14.6627 0 0 0 14.6627 0 782.587
97.2 1000 -0.0763326 0 0.0327395 194.036 0 14.5722 0 0 0 14.5722 0 782.181
97.3 1000 -0.0808664 0 -0.00769558 194.865 0 14.3902 0 0 0 14.3902 0 783.315
97.4 1000 -0.0866998 0 0.0136299 195.608 0 14.9199 0 0 0 14.9199 0 783.057
97.5 1000 -0.0807971 0 -0.00102594 196.047 0 14.7849 0 0 0 14.7849 0 779.514
97.6 1000 -0.0717666 0 0.0353353 196.476 0 14.5929 0 0 0 14.5929 0 779.287
97.7 1000 -0.0570138 0 0.0871276 196.74 0 13.6605 0 0 0 13.6605 0 779.285
97.8 1000 -0.0685182 0 0.131866 197.247 0 13.6559 0 0 0 13.6559 0 780.624
97.9 1000 -0.0650062 0 0.160777 197.499 0 12.4317 0 0 0 12.4317 0 781.684
98 1000 -0.0460665 0 0.181354 197.644 0 11.7069 0 0 0 11.7069 0 782.072
98.1 1000 -0.0457224 0 0.164437 197.815 0 11.2736 0 0 0 11.2736 0 781.686
98.2 1000 -0.0247026 0 0.185582 197.947 0 11.0114 0 0 0 11.0114 0 783.404
98.3 1000 -0.0166377 0 0.21022 198.495 0 10.502 0 0 0 10.502 0 784.496
98.4 1000 -0.00302559 0 0.236347 198.473 0 10.4258 0 0 0 10.4258 0 788.007
98.5 1000 0.0173696 0 0.23522 198.718 0 10.9693 0 0 0 10.9693 0 791.586
98.6 1000 2.80937e-06 0 0.254349 198.62 0 11.5328 0 0 0 11.5328 0 793.846
98.7 1000 0.0200104 0 0.223372 198.194 0 11.2989 0 0 0 11.2989 0 793.934
98.8 1000 0.0232054 0 0.187887 199.662 0 11.0243 0 0 0 11.0243 0 793.938
98.9 1000 0.0144601 0 0.194373 200.051 0 10.1336 0 0 0 10.1336 0 794.73
99 1000 0.0118092 0 0.198464 200.513 0 9.86726 0 0 0 9.86726 0 794.754
99.1 1000 -0.0309071 0 0.216956 200.759 0 10.4157 0 0 0 10.4157 0 798.37
99.2 1000 -0.0339288 0 0.242648 201.306 0 11.1824 0 0 0 11.1824 0 795.315
99.3 1000 -0.0320905 0 0.228595 201.342 0 11.6285 0 0 0 11.6285 0 796.37
99.4 1000 -0.0257879 0 0.227919 201.731 0 11.3544 0 0 0 11.3544 0 796.688
99.5 1000 -0.0251154 0 0.238127 201.791 0 12.2047 0 0 0 12.2047 0 798.286
99.6 1000 -0.0489989 0 0.237513 202.208 0 11.8068 0 0 0 11.8068 0 799.783
99.7 1000 -0.0291486 0 0.246061 202.699 0 12.1101 0 0 0 12.1101 0 800.46
99.8 1000 -0.0274701 0 0.256578 203.837 0 11.9006 0 0 0 11.9006 0 800.338
99.9 1000 -0.0214505 0 0.234799 203.889 0 11.4835 0 0 0 11.4835 0 798.812
100 1000 -0.0138835 0 0.247433 203.97 0 11.9567 0 0 0 11.9567 0 801.694
