0 0 0
0.1 0.672768 1.16317
0.3 1.75078 7.06244
0.4 2.36009 14.3436
0.5 2.87022 21.1192
0.6 3.43267 28.3796
0.7 3.87846 35.9417
0.9 4.97226 55.4953
1 5.05929 57.7323
1.2 6.09116 82.5708
1.3 6.2116 88.0394
1.5 7.20287 123.348
1.6 7.48974 130.699
1.8 8.60372 175.444
2 9.29277 199.751
2.2 9.5283 212.665
2.4 10.4214 259.009
2.6 11.2402 304.726
2.9 12.2407 362.649
3.1 13.0776 432.27
3.4 14.2379 495.515
3.6 14.7575 559.429
3.9 16.1918 654.094
4.2 18.3107 767.895
4.5 19.6187 923.499
4.8 21.4041 1098.64
5.2 23.7225 1307.77
5.5 25.9571 1588.21
5.9 27.4639 1741.98
6.3 28.8001 1913.42
6.7 30.8299 2316.87
7.1 32.4687 2526.19
7.6 34.7427 2813.53
8.1 37.1637 3160.45
8.6 40.3187 3771.72
9.1 41.8422 3927.28
9.6 44.7488 4538.49
10.2 46.7614 4983.97
10.8 48.4658 5487.14
11.5 51.9857 6246.09
12.1 55.303 7249.08
12.8 59.1481 8066.05
13.6 61.3712 8108.53
14.3 63.5019 8837.01
15.2 65.6612 9062.23
16 69.9452 9921.48
16.9 74.6016 10893
17.9 79.2218 12440.7
18.9 88.0716 15075.3
19.9 90.501 16232.6
21 95.1901 18426.3
22.1 97.3997 19633.6
23.3 101.422 21092.3
24.6 107.097 23614.8
25.9 111.391 25429
27.3 116.344 27841.1
28.8 123.476 32225.8
30.3 129.889 35733.1
31.9 139.231 42964.5
33.6 146.955 47277.1
35.4 155.426 53451.1
37.3 162.759 57458.2
39.2 171.999 65458.1
41.3 179.256 69997.8
43.5 189.333 78713.3
45.7 196.061 85092.4
48.1 198.82 88818.9
50.6 211.679 100640
53.2 226.385 111717
56 237.444 123374
58.9 247.104 139312
61.9 252.899 143797
65.1 263.683 157228
68.5 275.574 173230
72 287.345 183654
75.7 306.458 202092
79.6 327.851 230105
83.7 338.132 245779
88 347.206 247139
92.5 367.684 279267
97.2 383.482 299879
102.1 412.149 337117
107.3 433.123 361926
112.8 448.322 397526
118.5 464.7 415608
124.6 489.259 462478
130.9 514.311 517218
137.5 544.885 559991
144.5 581.797 640230
151.8 618.859 701713
159.5 658.342 796217
167.6 684.845 887344
176.1 726.692 1.03517e+06
185 764.521 1.18161e+06
194.3 823.525 1.37562e+06
204.1 869.21 1.51651e+06
214.4 907.285 1.61921e+06
225.2 950.426 1.79851e+06
236.6 984.288 1.92665e+06
