0 1000 1000 0 1000 1000 0 1000 1000 0
0.1 1000 1000 0 994 994 6 757 757 243
0.2 1000 1000 0 993 993 7 723 723 277
0.3 1000 1000 0 992 992 8 699 699 301
0.4 1000 1000 0 992 992 8 682 682 318
0.5 999 999 1 990 990 10 670 670 330
0.6 999 999 1 986 986 14 654 654 346
0.7 999 999 1 984 984 16 642 642 358
0.8 999 999 1 983 983 17 636 636 364
0.9 999 999 1 983 983 17 625 625 375
1 999 999 1 981 981 19 615 615 385
1.1 999 999 1 979 979 21 605 605 395
1.2 999 999 1 977 977 23 593 593 407
1.3 998 998 2 974 974 26 587 587 413
1.4 998 998 2 974 974 26 574 574 426
1.5 998 998 2 974 974 26 571 571 429
1.6 998 998 2 974 974 26 569 569 431
1.7 998 998 2 974 974 26 565 565 435
1.8 998 998 2 973 973 27 561 561 439
1.9 998 998 2 973 973 27 554 554 446
2 998 998 2 972 972 28 547 547 453
2.1 998 998 2 971 971 29 542 542 458
2.2 998 998 2 970 970 30 538 538 462
2.3 998 998 2 969 969 31 534 534 466
2.4 997 997 3 967 967 33 526 526 474
2.5 997 997 3 966 966 34 524 524 476
2.6 997 997 3 965 965 35 519 519 481
2.7 997 997 3 964 964 36 516 516 484
2.8 997 997 3 961 961 39 509 509 491
2.9 997 997 3 959 959 41 504 504 496
3 996 996 4 957 957 43 500 500 500
3.1 996 996 4 955 955 45 497 497 503
3.2 996 996 4 954 954 46 495 495 505
3.3 996 996 4 953 953 47 489 489 511
3.4 996 996 4 953 953 47 480 480 520
3.5 996 996 4 953 953 47 476 476 524
3.6 995 995 5 953 953 47 475 475 525
3.7 995 995 5 952 952 48 473 473 527
3.8 995 995 5 949 949 51 471 471 529
3.9 994 994 6 949 949 51 470 470 530
4 994 994 6 948 948 52 468 468 532
4.1 994 994 6 948 948 52 465 465 535
4.2 994 994 6 948 948 52 463 463 537
4.3 994 994 6 948 948 52 462 462 538
4.4 994 994 6 945 945 55 461 461 539
4.5 994 994 6 942 942 58 460 460 540
4.6 994 994 6 941 941 59 456 456 544
4.7 994 994 6 941 941 59 452 452 548
4.8 994 994 6 941 941 59 446 446 554
4.9 994 994 6 940 940 60 444 444 556
5 994 994 6 938 938 62 441 441 559
5.1 994 994 6 936 936 64 437 437 563
5.2 994 994 6 934 934 66 433 433 567
5.3 994 994 6 934 934 66 430 430 570
5.4 994 994 6 934 934 66 427 427 573
5.5 994 994 6 933 933 67 424 424 576
5.6 993 993 7 931 931 69 422 422 578
5.7 993 993 7 930 930 70 421 421 579
5.8 993 993 7 929 929 71 418 418 582
5.9 993 993 7 928 928 72 414 414 586
6 993 993 7 928 928 72 410 410 590
6.1 993 993 7 927 927 73 406 406 594
6.2 992 992 8 927 927 73 405 405 595
6.3 991 991 9 926 926 74 402 402 598
6.4 991 991 9 926 926 74 397 397 603
6.5 991 991 9 925 925 75 397 397 603
6.6 991 991 9 924 924 76 397 397 603
6.7 991 991 9 923 923 77 396 396 604
6.8 991 991 9 922 922 78 394 394 606
6.9 991 991 9 922 922 78 392 392 608
7 990 990 10 922 922 78 391 391 609
7.1 990 990 10 922 922 78 391 391 609
7.2 990 990 10 922 922 78 389 389 611
7.3 990 990 10 920 920 80 386 386 614
7.4 990 990 10 920 920 80 386 386 614
7.5 990 990 10 918 918 82 386 386 614
7.6 990 990 10 917 917 83 382 382 618
7.7 990 990 10 916 916 84 380 380 620
7.8 990 990 10 913 913 87 379 379 621
7.9 990 990 10 912 912 88 378 378 622
8 990 990 10 912 912 88 376 376 624
8.1 990 990 10 911 911 89 375 375 625
8.2 990 990 10 911 911 89 374 374 626
8.3 990 990 10 911 911 89 372 372 628
8.4 990 990 10 911 911 89 371 371 629
8.5 990 990 10 911 911 89 368 368 632
8.6 990 990 10 911 911 89 365 365 635
8.7 990 990 10 907 907 93 365 365 635
8.8 990 990 10 907 907 93 364 364 636
8.9 990 990 10 904 904 96 361 361 639
9 990 990 10 904 904 96 361 361 639
9.1 990 990 10 902 902 98 358 358 642
9.2 990 990 10 901 901 99 356 356 644
9.3 990 990 10 901 901 99 355 355 645
9.4 989 989 11 899 899 101 352 352 648
9.5 989 989 11 898 898 102 351 351 649
9.6 989 989 11 896 896 104 350 350 650
9.7 989 989 11 893 893 107 347 347 653
9.8 989 989 11 891 891 109 347 347 653
9.9 989 989 11 890 890 110 345 345 655
10 989 989 11 887 887 113 345 345 655
10.1 989 989 11 887 887 113 344 344 656
10.2 989 989 11 886 886 114 343 343 657
10.3 988 988 12 886 886 114 342 342 658
10.4 988 988 12 886 886 114 340 340 660
10.5 987 987 13 885 885 115 337 337 663
10.6 986 986 14 885 885 115 337 337 663
10.7 986 986 14 884 884 116 333 333 667
10.8 986 986 14 883 883 117 330 330 670
10.9 986 986 14 882 882 118 328 328 672
11 986 986 14 882 882 118 327 327 673
11.1 985 985 15 882 882 118 327 327 673
11.2 985 985 15 882 882 118 324 324 676
11.3 984 984 16 882 882 118 322 322 678
11.4 984 984 16 882 882 118 319 319 681
11.5 984 984 16 882 882 118 318 318 682
11.6 984 984 16 882 882 118 318 318 682
11.7 983 983 17 881 881 119 318 318 682
11.8 983 983 17 880 880 120 315 315 685
11.9 983 983 17 878 878 122 313 313 687
12 983 983 17 878 878 122 309 309 691
12.1 982 982 18 878 878 122 308 308 692
12.2 982 982 18 877 877 123 308 308 692
12.3 982 982 18 876 876 124 307 307 693
12.4 982 982 18 876 876 124 306 306 694
12.5 982 982 18 876 876 124 304 304 696
12.6 982 982 18 876 876 124 302 302 698
12.7 982 982 18 876 876 124 302 302 698
12.8 982 982 18 875 875 125 302 302 698
12.9 982 982 18 875 875 125 301 301 699
13 982 982 18 874 874 126 301 301 699
13.1 982 982 18 873 873 127 300 300 700
13.2 982 982 18 871 871 129 300 300 700
13.3 982 982 18 870 870 130 299 299 701
13.4 982 982 18 870 870 130 299 299 701
13.5 982 982 18 870 870 130 298 298 702
13.6 982 982 18 870 870 130 296 296 704
13.7 982 982 18 867 867 133 295 295 705
13.8 982 982 18 866 866 134 294 294 706
13.9 982 982 18 864 864 136 293 293 707
14 982 982 18 864 864 136 292 292 708
14.1 982 982 18 863 863 137 292 292 708
14.2 982 982 18 862 862 138 289 289 711
14.3 982 982 18 860 860 140 289 289 711
14.4 982 982 18 860 860 140 287 287 713
14.5 982 982 18 859 859 141 287 287 713
14.6 982 982 18 859 859 141 287 287 713
14.7 982 982 18 858 858 142 286 286 714
14.8 981 981 19 858 858 142 285 285 715
14.9 981 981 19 858 858 142 283 283 717
15 981 981 19 858 858 142 281 281 719
15.1 981 981 19 858 858 142 280 280 720
15.2 981 981 19 858 858 142 277 277 723
15.3 981 981 19 857 857 143 276 276 724
15.4 981 981 19 857 857 143 276 276 724
15.5 981 981 19 857 857 143 276 276 724
15.6 981 981 19 856 856 144 276 276 724
15.7 981 981 19 854 854 146 274 274 726
15.8 981 981 19 854 854 146 272 272 728
15.9 981 981 19 854 854 146 270 270 730
16 981 981 19 854 854 146 268 268 732
16.1 981 981 19 853 853 147 268 268 732
16.2 981 981 19 853 853 147 268 268 732
16.3 981 981 19 853 853 147 267 267 733
16.4 981 981 19 853 853 147 265 265 735
16.5 981 981 19 853 853 147 265 265 735
16.6 981 981 19 852 852 148 264 264 736
16.7 981 981 19 852 852 148 264 264 736
16.8 981 981 19 852 852 148 264 264 736
16.9 981 981 19 852 852 148 264 264 736
17 981 981 19 852 852 148 263 263 737
17.1 981 981 19 851 851 149 261 261 739
17.2 980 980 20 850 850 150 260 260 740
17.3 980 980 20 849 849 151 259 259 741
17.4 980 980 20 848 848 152 259 259 741
17.5 980 980 20 847 847 153 258 258 742
17.6 980 980 20 846 846 154 257 257 743
17.7 980 980 20 845 845 155 257 257 743
17.8 980 980 20 845 845 155 257 257 743
17.9 980 980 20 845 845 155 257 257 743
18 980 980 20 842 842 158 257 257 743
18.1 980 980 20 840 840 160 256 256 744
18.2 980 980 20 840 840 160 256 256 744
18.3 980 980 20 840 840 160 255 255 745
18.4 980 980 20 839 839 161 254 254 746
18.5 980 980 20 838 838 162 254 254 746
18.6 980 980 20 838 838 162 254 254 746
18.7 979 979 21 838 838 162 254 254 746
18.8 979 979 21 837 837 163 254 254 746
18.9 979 979 21 837 837 163 254 254 746
19 979 979 21 835 835 165 253 253 747
19.1 979 979 21 835 835 165 252 252 748
19.2 979 979 21 835 835 165 249 249 751
19.3 978 978 22 835 835 165 248 248 752
19.4 978 978 22 834 834 166 248 248 752
19.5 978 978 22 833 833 167 247 247 753
19.6 977 977 23 831 831 169 247 247 753
19.7 977 977 23 831 831 169 246 246 754
19.8 976 976 24 830 830 170 246 246 754
19.9 976 976 24 829 829 171 244 244 756
20 976 976 24 828 828 172 243 243 757
20.1 975 975 25 828 828 172 242 242 758
20.2 975 975 25 827 827 173 241 241 759
20.3 975 975 25 827 827 173 240 240 760
20.4 975 975 25 827 827 173 239 239 761
20.5 975 975 25 827 827 173 239 239 761
20.6 975 975 25 827 827 173 239 239 761
20.7 975 975 25 827 827 173 237 237 763
20.8 975 975 25 827 827 173 237 237 763
20.9 975 975 25 827 827 173 236 236 764
21 975 975 25 826 826 174 236 236 764
21.1 975 975 25 824 824 176 235 235 765
21.2 975 975 25 824 824 176 235 235 765
21.3 975 975 25 821 821 179 234 234 766
21.4 975 975 25 821 821 179 232 232 768
21.5 975 975 25 820 820 180 232 232 768
21.6 975 975 25 819 819 181 231 231 769
21.7 975 975 25 819 819 181 231 231 769
21.8 975 975 25 819 819 181 231 231 769
21.9 975 975 25 818 818 182 231 231 769
22 975 975 25 818 818 182 229 229 771
22.1 975 975 25 817 817 183 227 227 773
22.2 974 974 26 815 815 185 226 226 774
22.3 974 974 26 814 814 186 226 226 774
22.4 974 974 26 813 813 187 226 226 774
22.5 974 974 26 813 813 187 226 226 774
22.6 974 974 26 813 813 187 226 226 774
22.7 974 974 26 813 813 187 226 226 774
22.8 973 973 27 811 811 189 226 226 774
22.9 973 973 27 810 810 190 226 226 774
23 973 973 27 809 809 191 226 226 774
23.1 973 973 27 807 807 193 226 226 774
23.2 973 973 27 806 806 194 225 225 775
23.3 973 973 27 806 806 194 225 225 775
23.4 973 973 27 804 804 196 224 224 776
23.5 973 973 27 804 804 196 223 223 777
23.6 973 973 27 804 804 196 223 223 777
23.7 973 973 27 804 804 196 222 222 778
23.8 973 973 27 803 803 197 222 222 778
23.9 973 973 27 802 802 198 222 222 778
24 973 973 27 801 801 199 221 221 779
24.1 973 973 27 801 801 199 220 220 780
24.2 973 973 27 800 800 200 220 220 780
24.3 972 972 28 800 800 200 219 219 781
24.4 972 972 28 798 798 202 218 218 782
24.5 972 972 28 798 798 202 217 217 783
24.6 972 972 28 798 798 202 215 215 785
24.7 972 972 28 798 798 202 215 215 785
24.8 972 972 28 798 798 202 214 214 786
24.9 972 972 28 797 797 203 213 213 787
25 972 972 28 796 796 204 212 212 788
25.1 972 972 28 796 796 204 212 212 788
25.2 972 972 28 795 795 205 212 212 788
25.3 971 971 29 794 794 206 212 212 788
25.4 971 971 29 793 793 207 210 210 790
25.5 971 971 29 792 792 208 208 208 792
25.6 971 971 29 792 792 208 208 208 792
25.7 971 971 29 792 792 208 208 208 792
25.8 971 971 29 792 792 208 208 208 792
25.9 971 971 29 791 791 209 207 207 793
26 971 971 29 791 791 209 206 206 794
26.1 971 971 29 791 791 209 206 206 794
26.2 971 971 29 790 790 210 206 206 794
26.3 971 971 29 789 789 211 205 205 795
26.4 971 971 29 788 788 212 204 204 796
26.5 971 971 29 788 788 212 203 203 797
26.6 970 970 30 786 786 214 203 203 797
26.7 970 970 30 786 786 214 202 202 798
26.8 969 969 31 786 786 214 202 202 798
26.9 969 969 31 781 781 219 202 202 798
27 969 969 31 781 781 219 201 201 799
27.1 969 969 31 781 781 219 201 201 799
27.2 969 969 31 781 781 219 200 200 800
27.3 969 969 31 780 780 220 200 200 800
27.4 969 969 31 779 779 221 200 200 800
27.5 969 969 31 779 779 221 199 199 801
27.6 969 969 31 778 778 222 199 199 801
27.7 969 969 31 778 778 222 197 197 803
27.8 969 969 31 777 777 223 196 196 804
27.9 969 969 31 775 775 225 196 196 804
28 969 969 31 774 774 226 195 195 805
28.1 969 969 31 773 773 227 195 195 805
28.2 969 969 31 773 773 227 195 195 805
28.3 969 969 31 771 771 229 195 195 805
28.4 969 969 31 771 771 229 195 195 805
28.5 969 969 31 770 770 230 194 194 806
28.6 969 969 31 769 769 231 193 193 807
28.7 969 969 31 769 769 231 193 193 807
28.8 969 969 31 767 767 233 193 193 807
28.9 969 969 31 767 767 233 193 193 807
29 969 969 31 766 766 234 192 192 808
29.1 969 969 31 766 766 234 192 192 808
29.2 969 969 31 765 765 235 192 192 808
29.3 969 969 31 765 765 235 192 192 808
29.4 969 969 31 765 765 235 191 191 809
29.5 969 969 31 765 765 235 190 190 810
29.6 969 969 31 762 762 238 190 190 810
29.7 969 969 31 762 762 238 189 189 811
29.8 969 969 31 762 762 238 187 187 813
29.9 969 969 31 762 762 238 187 187 813
30 969 969 31 762 762 238 187 187 813
30.1 969 969 31 761 761 239 187 187 813
30.2 969 969 31 760 760 240 187 187 813
30.3 969 969 31 760 760 240 186 186 814
30.4 969 969 31 760 760 240 186 186 814
30.5 969 969 31 760 760 240 185 185 815
30.6 969 969 31 760 760 240 185 185 815
30.7 969 969 31 760 760 240 185 185 815
30.8 969 969 31 758 758 242 185 185 815
30.9 969 969 31 757 757 243 185 185 815
31 969 969 31 757 757 243 185 185 815
31.1 969 969 31 757 757 243 185 185 815
31.2 969 969 31 756 756 244 185 185 815
31.3 969 969 31 755 755 245 183 183 817
31.4 969 969 31 754 754 246 182 182 818
31.5 969 969 31 753 753 247 182 182 818
31.6 969 969 31 752 752 248 182 182 818
31.7 969 969 31 752 752 248 182 182 818
31.8 969 969 31 752 752 248 182 182 818
31.9 968 968 32 750 750 250 182 182 818
32 968 968 32 748 748 252 182 182 818
32.1 968 968 32 748 748 252 180 180 820
32.2 968 968 32 748 748 252 179 179 821
32.3 968 968 32 748 748 252 178 178 822
32.4 968 968 32 747 747 253 178 178 822
32.5 968 968 32 746 746 254 177 177 823
32.6 968 968 32 746 746 254 177 177 823
32.7 968 968 32 746 746 254 177 177 823
32.8 968 968 32 745 745 255 176 176 824
32.9 968 968 32 745 745 255 175 175 825
33 968 968 32 744 744 256 175 175 825
33.1 968 968 32 744 744 256 175 175 825
33.2 968 968 32 743 743 257 175 175 825
33.3 968 968 32 743 743 257 175 175 825
33.4 967 967 33 741 741 259 175 175 825
33.5 966 966 34 741 741 259 174 174 826
33.6 966 966 34 740 740 260 173 173 827
33.7 966 966 34 739 739 261 173 173 827
33.8 966 966 34 737 737 263 173 173 827
33.9 966 966 34 737 737 263 173 173 827
34 966 966 34 737 737 263 172 172 828
34.1 966 966 34 734 734 266 172 172 828
34.2 966 966 34 733 733 267 171 171 829
34.3 966 966 34 732 732 268 171 171 829
34.4 966 966 34 732 732 268 170 170 830
34.5 966 966 34 729 729 271 170 170 830
34.6 965 965 35 729 729 271 170 170 830
34.7 965 965 35 729 729 271 170 170 830
34.8 965 965 35 728 728 272 170 170 830
34.9 965 965 35 726 726 274 170 170 830
35 965 965 35 726 726 274 169 169 831
35.1 965 965 35 726 726 274 169 169 831
35.2 965 965 35 726 726 274 168 168 832
35.3 965 965 35 726 726 274 168 168 832
35.4 965 965 35 725 725 275 168 168 832
35.5 965 965 35 724 724 276 168 168 832
35.6 965 965 35 724 724 276 168 168 832
35.7 965 965 35 724 724 276 168 168 832
35.8 965 965 35 723 723 277 168 168 832
35.9 965 965 35 723 723 277 168 168 832
36 965 965 35 723 723 277 167 167 833
36.1 965 965 35 722 722 278 167 167 833
36.2 964 964 36 722 722 278 167 167 833
36.3 964 964 36 722 722 278 167 167 833
36.4 964 964 36 720 720 280 167 167 833
36.5 964 964 36 720 720 280 167 167 833
36.6 964 964 36 720 720 280 166 166 834
36.7 964 964 36 719 719 281 166 166 834
36.8 964 964 36 716 716 284 166 166 834
36.9 964 964 36 716 716 284 166 166 834
37 964 964 36 716 716 284 166 166 834
37.1 964 964 36 716 716 284 166 166 834
37.2 964 964 36 716 716 284 166 166 834
37.3 964 964 36 716 716 284 164 164 836
37.4 964 964 36 715 715 285 164 164 836
37.5 964 964 36 714 714 286 164 164 836
37.6 963 963 37 714 714 286 164 164 836
37.7 963 963 37 712 712 288 163 163 837
37.8 963 963 37 712 712 288 163 163 837
37.9 963 963 37 712 712 288 163 163 837
38 963 963 37 712 712 288 163 163 837
38.1 963 963 37 712 712 288 163 163 837
38.2 963 963 37 712 712 288 163 163 837
38.3 963 963 37 712 712 288 163 163 837
38.4 963 963 37 712 712 288 163 163 837
38.5 963 963 37 710 710 290 163 163 837
38.6 963 963 37 710 710 290 162 162 838
38.7 963 963 37 709 709 291 161 161 839
38.8 963 963 37 709 709 291 161 161 839
38.9 963 963 37 709 709 291 161 161 839
39 963 963 37 709 709 291 161 161 839
39.1 963 963 37 709 709 291 161 161 839
39.2 963 963 37 709 709 291 161 161 839
39.3 963 963 37 708 708 292 161 161 839
39.4 963 963 37 706 706 294 161 161 839
39.5 963 963 37 705 705 295 161 161 839
39.6 963 963 37 705 705 295 160 160 840
39.7 963 963 37 705 705 295 160 160 840
39.8 963 963 37 705 705 295 160 160 840
39.9 963 963 37 704 704 296 160 160 840
40 962 962 38 702 702 298 159 159 841
40.1 962 962 38 701 701 299 159 159 841
40.2 961 961 39 701 701 299 159 159 841
40.3 961 961 39 701 701 299 159 159 841
40.4 961 961 39 700 700 300 158 158 842
40.5 961 961 39 700 700 300 158 158 842
40.6 961 961 39 699 699 301 157 157 843
40.7 961 961 39 699 699 301 157 157 843
40.8 961 961 39 699 699 301 157 157 843
40.9 960 960 40 698 698 302 157 157 843
41 960 960 40 697 697 303 156 156 844
41.1 960 960 40 697 697 303 156 156 844
41.2 960 960 40 697 697 303 156 156 844
41.3 960 960 40 696 696 304 156 156 844
41.4 960 960 40 696 696 304 156 156 844
41.5 960 960 40 695 695 305 156 156 844
41.6 960 960 40 695 695 305 156 156 844
41.7 960 960 40 694 694 306 155 155 845
41.8 960 960 40 693 693 307 155 155 845
41.9 960 960 40 692 692 308 155 155 845
42 960 960 40 692 692 308 155 155 845
42.1 960 960 40 692 692 308 155 155 845
42.2 960 960 40 691 691 309 155 155 845
42.3 960 960 40 689 689 311 155 155 845
42.4 960 960 40 689 689 311 155 155 845
42.5 960 960 40 688 688 312 155 155 845
42.6 960 960 40 687 687 313 155 155 845
42.7 959 959 41 686 686 314 155 155 845
42.8 959 959 41 686 686 314 154 154 846
42.9 959 959 41 686 686 314 154 154 846
43 959 959 41 684 684 316 154 154 846
43.1 959 959 41 684 684 316 154 154 846
43.2 959 959 41 684 684 316 154 154 846
43.3 959 959 41 684 684 316 154 154 846
43.4 959 959 41 684 684 316 154 154 846
43.5 959 959 41 683 683 317 154 154 846
43.6 959 959 41 683 683 317 153 153 847
43.7 959 959 41 682 682 318 153 153 847
43.8 959 959 41 680 680 320 153 153 847
43.9 959 959 41 680 680 320 153 153 847
44 959 959 41 679 679 321 153 153 847
44.1 959 959 41 679 679 321 152 152 848
44.2 959 959 41 679 679 321 152 152 848
44.3 957 957 43 679 679 321 152 152 848
44.4 957 957 43 679 679 321 152 152 848
44.5 957 957 43 679 679 321 151 151 849
44.6 957 957 43 679 679 321 150 150 850
44.7 957 957 43 679 679 321 150 150 850
44.8 957 957 43 679 679 321 150 150 850
44.9 957 957 43 678 678 322 149 149 851
45 957 957 43 677 677 323 149 149 851
45.1 957 957 43 677 677 323 149 149 851
45.2 957 957 43 677 677 323 149 149 851
45.3 957 957 43 677 677 323 149 149 851
45.4 957 957 43 677 677 323 149 149 851
45.5 957 957 43 676 676 324 149 149 851
45.6 956 956 44 676 676 324 148 148 852
45.7 956 956 44 676 676 324 148 148 852
45.8 956 956 44 676 676 324 148 148 852
45.9 956 956 44 676 676 324 148 148 852
46 956 956 44 676 676 324 148 148 852
46.1 956 956 44 675 675 325 148 148 852
46.2 956 956 44 675 675 325 148 148 852
46.3 956 956 44 675 675 325 147 147 853
46.4 956 956 44 675 675 325 146 146 854
46.5 956 956 44 675 675 325 145 145 855
46.6 955 955 45 675 675 325 145 145 855
46.7 955 955 45 673 673 327 144 144 856
46.8 955 955 45 672 672 328 144 144 856
46.9 955 955 45 672 672 328 144 144 856
47 955 955 45 672 672 328 144 144 856
47.1 955 955 45 672 672 328 144 144 856
47.2 955 955 45 672 672 328 144 144 856
47.3 955 955 45 671 671 329 144 144 856
47.4 955 955 45 671 671 329 144 144 856
47.5 955 955 45 671 671 329 144 144 856
47.6 955 955 45 671 671 329 144 144 856
47.7 955 955 45 671 671 329 144 144 856
47.8 955 955 45 671 671 329 143 143 857
47.9 955 955 45 671 671 329 143 143 857
48 955 955 45 669 669 331 143 143 857
48.1 955 955 45 669 669 331 143 143 857
48.2 955 955 45 669 669 331 143 143 857
48.3 955 955 45 668 668 332 143 143 857
48.4 955 955 45 667 667 333 143 143 857
48.5 955 955 45 664 664 336 143 143 857
48.6 955 955 45 663 663 337 143 143 857
48.7 955 955 45 662 662 338 143 143 857
48.8 955 955 45 662 662 338 142 142 858
48.9 955 955 45 660 660 340 142 142 858
49 955 955 45 660 660 340 141 141 859
49.1 954 954 46 659 659 341 141 141 859
49.2 954 954 46 659 659 341 141 141 859
49.3 954 954 46 658 658 342 141 141 859
49.4 954 954 46 658 658 342 141 141 859
49.5 954 954 46 658 658 342 141 141 859
49.6 954 954 46 658 658 342 140 140 860
49.7 954 954 46 658 658 342 140 140 860
49.8 954 954 46 657 657 343 140 140 860
49.9 954 954 46 656 656 344 140 140 860
50 954 954 46 655 655 345 140 140 860
50.1 954 954 46 655 655 345 140 140 860
50.2 954 954 46 655 655 345 140 140 860
50.3 954 954 46 655 655 345 140 140 860
50.4 954 954 46 653 653 347 140 140 860
50.5 954 954 46 653 653 347 140 140 860
50.6 954 954 46 653 653 347 140 140 860
50.7 954 954 46 652 652 348 140 140 860
50.8 954 954 46 652 652 348 140 140 860
50.9 954 954 46 652 652 348 140 140 860
51 954 954 46 652 652 348 140 140 860
51.1 954 954 46 651 651 349 140 140 860
51.2 954 954 46 650 650 350 140 140 860
51.3 954 954 46 650 650 350 140 140 860
51.4 954 954 46 650 650 350 140 140 860
51.5 953 953 47 648 648 352 140 140 860
51.6 953 953 47 648 648 352 139 139 861
51.7 953 953 47 648 648 352 139 139 861
51.8 953 953 47 647 647 353 138 138 862
51.9 953 953 47 647 647 353 138 138 862
52 953 953 47 647 647 353 137 137 863
52.1 953 953 47 647 647 353 137 137 863
52.2 953 953 47 645 645 355 137 137 863
52.3 953 953 47 645 645 355 137 137 863
52.4 953 953 47 645 645 355 136 136 864
52.5 953 953 47 645 645 355 136 136 864
52.6 953 953 47 645 645 355 135 135 865
52.7 953 953 47 643 643 357 135 135 865
52.8 953 953 47 643 643 357 135 135 865
52.9 952 952 48 641 641 359 135 135 865
53 952 952 48 641 641 359 135 135 865
53.1 952 952 48 641 641 359 135 135 865
53.2 952 952 48 641 641 359 135 135 865
53.3 952 952 48 641 641 359 135 135 865
53.4 952 952 48 641 641 359 135 135 865
53.5 952 952 48 639 639 361 135 135 865
53.6 952 952 48 639 639 361 135 135 865
53.7 952 952 48 639 639 361 135 135 865
53.8 951 951 49 638 638 362 135 135 865
53.9 951 951 49 638 638 362 135 135 865
54 951 951 49 638 638 362 135 135 865
54.1 951 951 49 638 638 362 135 135 865
54.2 951 951 49 638 638 362 135 135 865
54.3 951 951 49 638 638 362 135 135 865
54.4 950 950 50 638 638 362 135 135 865
54.5 950 950 50 638 638 362 135 135 865
54.6 950 950 50 638 638 362 135 135 865
54.7 950 950 50 638 638 362 134 134 866
54.8 950 950 50 638 638 362 134 134 866
54.9 950 950 50 638 638 362 134 134 866
55 950 950 50 638 638 362 134 134 866
55.1 950 950 50 637 637 363 134 134 866
55.2 950 950 50 637 637 363 134 134 866
55.3 950 950 50 636 636 364 134 134 866
55.4 950 950 50 636 636 364 134 134 866
55.5 950 950 50 636 636 364 134 134 866
55.6 949 949 51 635 635 365 134 134 866
55.7 949 949 51 635 635 365 134 134 866
55.8 948 948 52 635 635 365 134 134 866
55.9 948 948 52 635 635 365 134 134 866
56 948 948 52 635 635 365 134 134 866
56.1 948 948 52 635 635 365 133 133 867
56.2 948 948 52 635 635 365 133 133 867
56.3 948 948 52 635 635 365 133 133 867
56.4 948 948 52 635 635 365 133 133 867
56.5 948 948 52 634 634 366 133 133 867
56.6 948 948 52 633 633 367 133 133 867
56.7 948 948 52 633 633 367 133 133 867
56.8 948 948 52 632 632 368 133 133 867
56.9 948 948 52 631 631 369 133 133 867
57 948 948 52 630 630 370 133 133 867
57.1 948 948 52 630 630 370 133 133 867
57.2 948 948 52 630 630 370 133 133 867
57.3 948 948 52 630 630 370 133 133 867
57.4 948 948 52 628 628 372 133 133 867
57.5 947 947 53 628 628 372 133 133 867
57.6 946 946 54 628 628 372 133 133 867
57.7 946 946 54 628 628 372 133 133 867
57.8 946 946 54 627 627 373 133 133 867
57.9 946 946 54 627 627 373 133 133 867
58 946 946 54 627 627 373 133 133 867
58.1 946 946 54 626 626 374 133 133 867
58.2 946 946 54 625 625 375 133 133 867
58.3 946 946 54 625 625 375 133 133 867
58.4 946 946 54 625 625 375 133 133 867
58.5 946 946 54 624 624 376 133 133 867
58.6 946 946 54 623 623 377 133 133 867
58.7 946 946 54 623 623 377 133 133 867
58.8 946 946 54 621 621 379 133 133 867
58.9 946 946 54 621 621 379 132 132 868
59 946 946 54 620 620 380 132 132 868
59.1 946 946 54 620 620 380 132 132 868
59.2 946 946 54 620 620 380 132 132 868
59.3 946 946 54 619 619 381 132 132 868
59.4 946 946 54 619 619 381 132 132 868
59.5 946 946 54 619 619 381 132 132 868
59.6 946 946 54 619 619 381 131 131 869
59.7 946 946 54 618 618 382 131 131 869
59.8 946 946 54 618 618 382 131 131 869
59.9 946 946 54 618 618 382 131 131 869
60 946 946 54 618 618 382 131 131 869
60.1 946 946 54 617 617 383 131 131 869
60.2 946 946 54 616 616 384 131 131 869
60.3 945 945 55 616 616 384 131 131 869
60.4 945 945 55 616 616 384 131 131 869
60.5 945 945 55 615 615 385 131 131 869
60.6 945 945 55 615 615 385 131 131 869
60.7 945 945 55 614 614 386 131 131 869
60.8 945 945 55 612 612 388 131 131 869
60.9 945 945 55 611 611 389 131 131 869
61 945 945 55 610 610 390 131 131 869
61.1 945 945 55 608 608 392 131 131 869
61.2 945 945 55 608 608 392 131 131 869
61.3 945 945 55 608 608 392 131 131 869
61.4 945 945 55 606 606 394 131 131 869
61.5 945 945 55 606 606 394 131 131 869
61.6 945 945 55 606 606 394 130 130 870
61.7 945 945 55 606 606 394 130 130 870
61.8 945 945 55 604 604 396 130 130 870
61.9 945 945 55 604 604 396 130 130 870
62 945 945 55 604 604 396 130 130 870
62.1 945 945 55 604 604 396 129 129 871
62.2 945 945 55 604 604 396 129 129 871
62.3 945 945 55 604 604 396 129 129 871
62.4 945 945 55 604 604 396 129 129 871
62.5 944 944 56 603 603 397 129 129 871
62.6 944 944 56 601 601 399 129 129 871
62.7 944 944 56 601 601 399 129 129 871
62.8 944 944 56 601 601 399 129 129 871
62.9 944 944 56 601 601 399 129 129 871
63 944 944 56 600 600 400 129 129 871
63.1 944 944 56 599 599 401 129 129 871
63.2 944 944 56 599 599 401 129 129 871
63.3 944 944 56 599 599 401 129 129 871
63.4 943 943 57 599 599 401 129 129 871
63.5 943 943 57 598 598 402 129 129 871
63.6 943 943 57 597 597 403 129 129 871
63.7 943 943 57 597 597 403 129 129 871
63.8 943 943 57 596 596 404 129 129 871
63.9 943 943 57 596 596 404 129 129 871
64 943 943 57 596 596 404 128 128 872
64.1 943 943 57 596 596 404 127 127 873
64.2 943 943 57 595 595 405 127 127 873
64.3 943 943 57 594 594 406 127 127 873
64.4 942 942 58 594 594 406 127 127 873
64.5 942 942 58 593 593 407 127 127 873
64.6 942 942 58 593 593 407 126 126 874
64.7 942 942 58 593 593 407 126 126 874
64.8 942 942 58 593 593 407 126 126 874
64.9 942 942 58 593 593 407 126 126 874
65 942 942 58 593 593 407 126 126 874
65.1 942 942 58 593 593 407 126 126 874
65.2 942 942 58 593 593 407 125 125 875
65.3 942 942 58 592 592 408 125 125 875
65.4 942 942 58 592 592 408 125 125 875
65.5 942 942 58 592 592 408 125 125 875
65.6 942 942 58 592 592 408 125 125 875
65.7 942 942 58 591 591 409 125 125 875
65.8 942 942 58 589 589 411 125 125 875
65.9 942 942 58 588 588 412 125 125 875
66 942 942 58 588 588 412 125 125 875
66.1 942 942 58 588 588 412 125 125 875
66.2 942 942 58 588 588 412 125 125 875
66.3 942 942 58 588 588 412 125 125 875
66.4 942 942 58 588 588 412 125 125 875
66.5 942 942 58 588 588 412 125 125 875
66.6 942 942 58 588 588 412 124 124 876
66.7 942 942 58 588 588 412 124 124 876
66.8 942 942 58 588 588 412 124 124 876
66.9 942 942 58 588 588 412 124 124 876
67 942 942 58 588 588 412 124 124 876
67.1 942 942 58 588 588 412 124 124 876
67.2 942 942 58 588 588 412 124 124 876
67.3 942 942 58 588 588 412 124 124 876
67.4 942 942 58 587 587 413 124 124 876
67.5 941 941 59 585 585 415 124 124 876
67.6 941 941 59 584 584 416 124 124 876
67.7 941 941 59 583 583 417 124 124 876
67.8 941 941 59 583 583 417 124 124 876
67.9 941 941 59 582 582 418 124 124 876
68 941 941 59 581 581 419 123 123 877
68.1 941 941 59 580 580 420 122 122 878
68.2 941 941 59 580 580 420 122 122 878
68.3 941 941 59 580 580 420 121 121 879
68.4 941 941 59 580 580 420 121 121 879
68.5 941 941 59 580 580 420 121 121 879
68.6 941 941 59 580 580 420 120 120 880
68.7 941 941 59 580 580 420 120 120 880
68.8 941 941 59 580 580 420 120 120 880
68.9 941 941 59 580 580 420 120 120 880
69 941 941 59 580 580 420 120 120 880
69.1 941 941 59 580 580 420 120 120 880
69.2 941 941 59 580 580 420 120 120 880
69.3 941 941 59 580 580 420 120 120 880
69.4 941 941 59 580 580 420 120 120 880
69.5 941 941 59 578 578 422 120 120 880
69.6 941 941 59 578 578 422 120 120 880
69.7 941 941 59 578 578 422 120 120 880
69.8 941 941 59 577 577 423 120 120 880
69.9 941 941 59 577 577 423 120 120 880
70 940 940 60 577 577 423 120 120 880
70.1 940 940 60 576 576 424 120 120 880
70.2 940 940 60 576 576 424 120 120 880
70.3 940 940 60 576 576 424 120 120 880
70.4 940 940 60 574 574 426 120 120 880
70.5 940 940 60 573 573 427 120 120 880
70.6 939 939 61 573 573 427 120 120 880
70.7 939 939 61 573 573 427 119 119 881
70.8 939 939 61 573 573 427 119 119 881
70.9 939 939 61 573 573 427 119 119 881
71 939 939 61 573 573 427 118 118 882
71.1 938 938 62 571 571 429 118 118 882
71.2 938 938 62 571 571 429 118 118 882
71.3 938 938 62 571 571 429 118 118 882
71.4 937 937 63 571 571 429 118 118 882
71.5 937 937 63 570 570 430 118 118 882
71.6 937 937 63 569 569 431 118 118 882
71.7 937 937 63 569 569 431 117 117 883
71.8 937 937 63 569 569 431 117 117 883
71.9 937 937 63 569 569 431 117 117 883
72 937 937 63 567 567 433 117 117 883
72.1 937 937 63 567 567 433 116 116 884
72.2 937 937 63 567 567 433 116 116 884
72.3 936 936 64 567 567 433 115 115 885
72.4 936 936 64 567 567 433 115 115 885
72.5 936 936 64 567 567 433 115 115 885
72.6 936 936 64 567 567 433 115 115 885
72.7 936 936 64 567 567 433 115 115 885
72.8 936 936 64 567 567 433 115 115 885
72.9 935 935 65 567 567 433 115 115 885
73 935 935 65 567 567 433 115 115 885
73.1 935 935 65 567 567 433 114 114 886
73.2 935 935 65 565 565 435 114 114 886
73.3 935 935 65 565 565 435 113 113 887
73.4 935 935 65 565 565 435 113 113 887
73.5 935 935 65 565 565 435 113 113 887
73.6 935 935 65 564 564 436 113 113 887
73.7 934 934 66 564 564 436 113 113 887
73.8 934 934 66 564 564 436 113 113 887
73.9 934 934 66 563 563 437 113 113 887
74 934 934 66 563 563 437 113 113 887
74.1 934 934 66 563 563 437 113 113 887
74.2 934 934 66 562 562 438 113 113 887
74.3 934 934 66 561 561 439 113 113 887
74.4 934 934 66 561 561 439 113 113 887
74.5 934 934 66 561 561 439 113 113 887
74.6 934 934 66 561 561 439 113 113 887
74.7 934 934 66 561 561 439 113 113 887
74.8 934 934 66 561 561 439 112 112 888
74.9 933 933 67 561 561 439 112 112 888
75 933 933 67 561 561 439 112 112 888
75.1 933 933 67 561 561 439 112 112 888
75.2 933 933 67 561 561 439 112 112 888
75.3 933 933 67 561 561 439 112 112 888
75.4 933 933 67 561 561 439 112 112 888
75.5 933 933 67 561 561 439 112 112 888
75.6 933 933 67 560 560 440 112 112 888
75.7 933 933 67 560 560 440 112 112 888
75.8 932 932 68 560 560 440 112 112 888
75.9 932 932 68 560 560 440 112 112 888
76 932 932 68 560 560 440 112 112 888
76.1 932 932 68 560 560 440 111 111 889
76.2 932 932 68 560 560 440 111 111 889
76.3 932 932 68 559 559 441 111 111 889
76.4 932 932 68 559 559 441 111 111 889
76.5 932 932 68 558 558 442 111 111 889
76.6 932 932 68 557 557 443 111 111 889
76.7 932 932 68 556 556 444 111 111 889
76.8 932 932 68 556 556 444 111 111 889
76.9 932 932 68 556 556 444 111 111 889
77 932 932 68 556 556 444 111 111 889
77.1 932 932 68 556 556 444 111 111 889
77.2 932 932 68 555 555 445 111 111 889
77.3 932 932 68 555 555 445 111 111 889
77.4 932 932 68 554 554 446 111 111 889
77.5 932 932 68 554 554 446 111 111 889
77.6 932 932 68 554 554 446 110 110 890
77.7 932 932 68 554 554 446 110 110 890
77.8 932 932 68 554 554 446 110 110 890
77.9 932 932 68 554 554 446 110 110 890
78 932 932 68 554 554 446 110 110 890
78.1 932 932 68 553 553 447 110 110 890
78.2 932 932 68 552 552 448 110 110 890
78.3 931 931 69 552 552 448 110 110 890
78.4 931 931 69 552 552 448 110 110 890
78.5 931 931 69 552 552 448 110 110 890
78.6 931 931 69 552 552 448 110 110 890
78.7 930 930 70 552 552 448 109 109 891
78.8 930 930 70 552 552 448 109 109 891
78.9 930 930 70 552 552 448 109 109 891
79 930 930 70 552 552 448 109 109 891
79.1 930 930 70 552 552 448 109 109 891
79.2 930 930 70 550 550 450 109 109 891
79.3 930 930 70 550 550 450 109 109 891
79.4 930 930 70 550 550 450 109 109 891
79.5 930 930 70 550 550 450 109 109 891
79.6 930 930 70 550 550 450 109 109 891
79.7 930 930 70 550 550 450 108 108 892
79.8 930 930 70 549 549 451 108 108 892
79.9 930 930 70 548 548 452 108 108 892
80 930 930 70 547 547 453 108 108 892
80.1 930 930 70 546 546 454 108 108 892
80.2 930 930 70 546 546 454 107 107 893
80.3 929 929 71 545 545 455 107 107 893
80.4 929 929 71 545 545 455 107 107 893
80.5 929 929 71 545 545 455 107 107 893
80.6 929 929 71 545 545 455 107 107 893
80.7 929 929 71 544 544 456 107 107 893
80.8 929 929 71 544 544 456 107 107 893
80.9 929 929 71 544 544 456 107 107 893
81 929 929 71 544 544 456 107 107 893
81.1 929 929 71 544 544 456 106 106 894
81.2 929 929 71 544 544 456 106 106 894
81.3 929 929 71 543 543 457 106 106 894
81.4 929 929 71 543 543 457 106 106 894
81.5 929 929 71 543 543 457 104 104 896
81.6 929 929 71 543 543 457 104 104 896
81.7 929 929 71 543 543 457 104 104 896
81.8 929 929 71 543 543 457 104 104 896
81.9 928 928 72 542 542 458 104 104 896
82 928 928 72 542 542 458 104 104 896
82.1 928 928 72 541 541 459 104 104 896
82.2 928 928 72 541 541 459 104 104 896
82.3 928 928 72 540 540 460 104 104 896
82.4 927 927 73 539 539 461 103 103 897
82.5 927 927 73 539 539 461 103 103 897
82.6 927 927 73 539 539 461 103 103 897
82.7 927 927 73 539 539 461 103 103 897
82.8 927 927 73 539 539 461 103 103 897
82.9 927 927 73 538 538 462 103 103 897
83 927 927 73 538 538 462 103 103 897
83.1 926 926 74 538 538 462 103 103 897
83.2 926 926 74 538 538 462 103 103 897
83.3 926 926 74 537 537 463 102 102 898
83.4 926 926 74 537 537 463 102 102 898
83.5 926 926 74 536 536 464 102 102 898
83.6 926 926 74 536 536 464 102 102 898
83.7 926 926 74 536 536 464 102 102 898
83.8 926 926 74 536 536 464 102 102 898
83.9 926 926 74 535 535 465 102 102 898
84 926 926 74 535 535 465 102 102 898
84.1 925 925 75 535 535 465 102 102 898
84.2 925 925 75 533 533 467 102 102 898
84.3 925 925 75 532 532 468 102 102 898
84.4 924 924 76 532 532 468 102 102 898
84.5 924 924 76 532 532 468 102 102 898
84.6 923 923 77 531 531 469 102 102 898
84.7 923 923 77 531 531 469 102 102 898
84.8 923 923 77 530 530 470 102 102 898
84.9 923 923 77 530 530 470 102 102 898
85 923 923 77 530 530 470 102 102 898
85.1 923 923 77 530 530 470 102 102 898
85.2 923 923 77 530 530 470 102 102 898
85.3 923 923 77 530 530 470 102 102 898
85.4 923 923 77 529 529 471 102 102 898
85.5 923 923 77 529 529 471 102 102 898
85.6 923 923 77 529 529 471 102 102 898
85.7 923 923 77 529 529 471 102 102 898
85.8 923 923 77 529 529 471 102 102 898
85.9 923 923 77 529 529 471 102 102 898
86 923 923 77 529 529 471 102 102 898
86.1 923 923 77 528 528 472 102 102 898
86.2 923 923 77 528 528 472 102 102 898
86.3 923 923 77 528 528 472 102 102 898
86.4 923 923 77 528 528 472 101 101 899
86.5 923 923 77 528 528 472 101 101 899
86.6 923 923 77 528 528 472 101 101 899
86.7 923 923 77 528 528 472 101 101 899
86.8 923 923 77 528 528 472 101 101 899
86.9 923 923 77 528 528 472 101 101 899
87 923 923 77 528 528 472 101 101 899
87.1 923 923 77 528 528 472 101 101 899
87.2 923 923 77 528 528 472 101 101 899
87.3 923 923 77 528 528 472 101 101 899
87.4 923 923 77 528 528 472 101 101 899
87.5 923 923 77 527 527 473 101 101 899
87.6 923 923 77 526 526 474 101 101 899
87.7 923 923 77 525 525 475 101 101 899
87.8 923 923 77 524 524 476 101 101 899
87.9 923 923 77 524 524 476 101 101 899
88 923 923 77 524 524 476 101 101 899
88.1 923 923 77 523 523 477 101 101 899
88.2 923 923 77 523 523 477 101 101 899
88.3 923 923 77 523 523 477 101 101 899
88.4 923 923 77 522 522 478 101 101 899
88.5 922 922 78 522 522 478 101 101 899
88.6 921 921 79 522 522 478 101 101 899
88.7 921 921 79 522 522 478 101 101 899
88.8 921 921 79 522 522 478 101 101 899
88.9 921 921 79 521 521 479 101 101 899
89 921 921 79 521 521 479 101 101 899
89.1 921 921 79 521 521 479 101 101 899
89.2 919 919 81 519 519 481 101 101 899
89.3 919 919 81 519 519 481 101 101 899
89.4 917 917 83 519 519 481 101 101 899
89.5 916 916 84 519 519 481 101 101 899
89.6 916 916 84 519 519 481 101 101 899
89.7 916 916 84 519 519 481 101 101 899
89.8 916 916 84 519 519 481 101 101 899
89.9 916 916 84 519 519 481 101 101 899
90 916 916 84 519 519 481 101 101 899
90.1 916 916 84 519 519 481 101 101 899
90.2 916 916 84 517 517 483 101 101 899
90.3 916 916 84 517 517 483 101 101 899
90.4 916 916 84 516 516 484 101 101 899
90.5 916 916 84 516 516 484 101 101 899
90.6 916 916 84 516 516 484 101 101 899
90.7 916 916 84 516 516 484 100 100 900
90.8 916 916 84 515 515 485 100 100 900
90.9 916 916 84 515 515 485 100 100 900
91 916 916 84 514 514 486 100 100 900
91.1 916 916 84 513 513 487 100 100 900
91.2 916 916 84 513 513 487 99 99 901
91.3 916 916 84 512 512 488 99 99 901
91.4 916 916 84 512 512 488 99 99 901
91.5 916 916 84 512 512 488 99 99 901
91.6 916 916 84 512 512 488 99 99 901
91.7 916 916 84 512 512 488 99 99 901
91.8 916 916 84 512 512 488 99 99 901
91.9 916 916 84 512 512 488 99 99 901
92 916 916 84 512 512 488 99 99 901
92.1 916 916 84 512 512 488 99 99 901
92.2 916 916 84 511 511 489 98 98 902
92.3 916 916 84 511 511 489 98 98 902
92.4 916 916 84 511 511 489 98 98 902
92.5 915 915 85 511 511 489 98 98 902
92.6 915 915 85 510 510 490 98 98 902
92.7 915 915 85 509 509 491 98 98 902
92.8 915 915 85 509 509 491 98 98 902
92.9 914 914 86 509 509 491 98 98 902
93 914 914 86 509 509 491 98 98 902
93.1 914 914 86 509 509 491 98 98 902
93.2 914 914 86 509 509 491 98 98 902
93.3 913 913 87 509 509 491 98 98 902
93.4 913 913 87 509 509 491 98 98 902
93.5 913 913 87 509 509 491 98 98 902
93.6 913 913 87 508 508 492 98 98 902
93.7 913 913 87 507 507 493 98 98 902
93.8 913 913 87 507 507 493 98 98 902
93.9 913 913 87 507 507 493 98 98 902
94 913 913 87 506 506 494 98 98 902
94.1 913 913 87 505 505 495 98 98 902
94.2 913 913 87 505 505 495 98 98 902
94.3 913 913 87 503 503 497 98 98 902
94.4 913 913 87 503 503 497 98 98 902
94.5 913 913 87 503 503 497 98 98 902
94.6 913 913 87 501 501 499 98 98 902
94.7 913 913 87 501 501 499 98 98 902
94.8 913 913 87 501 501 499 98 98 902
94.9 913 913 87 500 500 500 98 98 902
95 913 913 87 500 500 500 98 98 902
95.1 913 913 87 500 500 500 98 98 902
95.2 913 913 87 499 499 501 98 98 902
95.3 913 913 87 498 498 502 98 98 902
95.4 912 912 88 498 498 502 98 98 902
95.5 911 911 89 498 498 502 98 98 902
95.6 911 911 89 498 498 502 98 98 902
95.7 911 911 89 498 498 502 98 98 902
95.8 911 911 89 497 497 503 98 98 902
95.9 911 911 89 496 496 504 98 98 902
96 911 911 89 496 496 504 98 98 902
96.1 911 911 89 496 496 504 98 98 902
96.2 911 911 89 495 495 505 98 98 902
96.3 910 910 90 495 495 505 98 98 902
96.4 910 910 90 494 494 506 98 98 902
96.5 909 909 91 494 494 506 97 97 903
96.6 909 909 91 494 494 506 96 96 904
96.7 909 909 91 494 494 506 96 96 904
96.8 909 909 91 493 493 507 96 96 904
96.9 909 909 91 493 493 507 96 96 904
97 909 909 91 493 493 507 96 96 904
97.1 909 909 91 493 493 507 96 96 904
97.2 908 908 92 493 493 507 96 96 904
97.3 908 908 92 493 493 507 96 96 904
97.4 908 908 92 493 493 507 96 96 904
97.5 907 907 93 492 492 508 96 96 904
97.6 906 906 94 492 492 508 96 96 904
97.7 906 906 94 491 491 509 96 96 904
97.8 906 906 94 491 491 509 95 95 905
97.9 906 906 94 491 491 509 95 95 905
98 906 906 94 490 490 510 95 95 905
98.1 906 906 94 490 490 510 95 95 905
98.2 906 906 94 490 490 510 95 95 905
98.3 906 906 94 490 490 510 95 95 905
98.4 906 906 94 490 490 510 95 95 905
98.5 906 906 94 489 489 511 95 95 905
98.6 906 906 94 489 489 511 95 95 905
98.7 906 906 94 489 489 511 95 95 905
98.8 906 906 94 489 489 511 95 95 905
98.9 906 906 94 489 489 511 95 95 905
99 906 906 94 489 489 511 95 95 905
99.1 905 905 95 489 489 511 95 95 905
99.2 905 905 95 489 489 511 95 95 905
99.3 905 905 95 489 489 511 95 95 905
99.4 905 905 95 489 489 511 95 95 905
99.5 905 905 95 489 489 511 95 95 905
99.6 905 905 95 489 489 511 95 95 905
99.7 905 905 95 489 489 511 95 95 905
99.8 905 905 95 489 489 511 95 95 905
99.9 905 905 95 489 489 511 95 95 905
100 904 904 96 489 489 511 95 95 905
