0 2000 2000 2000 0
0.1 1998 1978 1098 463
0.2 1996 1960 1016 514
0.3 1994 1944 976 543
0.4 1994 1936 938 566
0.5 1994 1926 892 594
0.6 1994 1912 870 612
0.7 1994 1902 840 632
0.8 1994 1890 800 658
0.9 1994 1888 778 670
1 1994 1882 758 683
1.1 1994 1860 736 705
1.2 1994 1836 722 724
1.3 1994 1832 710 732
1.4 1994 1826 700 740
1.5 1994 1808 696 751
1.6 1992 1804 676 764
1.7 1990 1790 656 782
1.8 1990 1780 642 794
1.9 1990 1766 624 810
2 1990 1758 602 825
2.1 1986 1748 590 838
2.2 1986 1740 574 850
2.3 1980 1738 564 859
2.4 1978 1730 558 867
2.5 1976 1720 546 879
2.6 1974 1704 544 889
2.7 1974 1684 540 901
2.8 1970 1676 534 910
2.9 1968 1666 528 919
3 1966 1658 520 928
3.1 1966 1648 512 937
3.2 1966 1634 504 948
3.3 1966 1628 494 956
3.4 1966 1620 492 961
3.5 1964 1618 492 963
3.6 1962 1612 482 972
3.7 1960 1604 474 981
3.8 1960 1596 464 990
3.9 1960 1590 460 995
4 1960 1586 456 999
4.1 1960 1576 454 1005
4.2 1954 1572 452 1011
4.3 1954 1566 446 1017
4.4 1954 1556 442 1024
4.5 1954 1556 434 1028
4.6 1950 1550 426 1037
4.7 1948 1540 416 1048
4.8 1948 1534 410 1054
4.9 1946 1530 408 1058
5 1946 1528 402 1062
5.1 1946 1512 398 1072
5.2 1946 1510 394 1075
5.3 1946 1506 386 1081
5.4 1946 1502 380 1086
5.5 1946 1496 380 1089
5.6 1946 1492 380 1091
5.7 1942 1484 378 1098
5.8 1942 1478 378 1101
5.9 1942 1468 374 1108
6 1942 1466 366 1113
6.1 1942 1464 366 1114
6.2 1942 1458 366 1117
6.3 1942 1456 366 1118
6.4 1942 1450 364 1122
6.5 1942 1444 364 1125
6.6 1942 1434 358 1133
6.7 1942 1430 354 1137
6.8 1942 1426 348 1142
6.9 1942 1424 346 1144
7 1942 1420 346 1146
7.1 1942 1418 338 1151
7.2 1942 1414 334 1155
7.3 1942 1408 332 1159
7.4 1942 1408 330 1160
7.5 1942 1404 326 1164
7.6 1942 1398 324 1168
7.7 1940 1392 324 1172
7.8 1938 1384 324 1177
7.9 1936 1378 316 1185
8 1936 1374 316 1187
8.1 1936 1370 316 1189
8.2 1936 1366 314 1192
8.3 1936 1364 314 1193
8.4 1934 1358 312 1198
8.5 1934 1354 312 1200
8.6 1934 1346 308 1206
8.7 1934 1338 308 1210
8.8 1934 1334 306 1213
8.9 1934 1334 302 1215
9 1934 1330 300 1218
9.1 1934 1330 296 1220
9.2 1934 1328 296 1221
9.3 1934 1326 294 1223
9.4 1934 1322 294 1225
9.5 1932 1322 294 1226
9.6 1932 1320 294 1227
9.7 1932 1314 292 1231
9.8 1932 1306 288 1237
9.9 1932 1302 288 1239
10 1932 1298 286 1242
10.1 1932 1294 284 1245
10.2 1930 1284 282 1252
10.3 1928 1282 278 1256
10.4 1928 1280 276 1258
10.5 1926 1270 276 1264
10.6 1924 1268 274 1267
10.7 1924 1266 272 1269
10.8 1920 1262 268 1275
10.9 1920 1260 266 1277
11 1920 1258 262 1280
11.1 1918 1256 260 1283
11.2 1916 1254 260 1285
11.3 1912 1248 258 1291
11.4 1912 1242 256 1295
11.5 1908 1236 256 1300
11.6 1908 1232 252 1304
11.7 1906 1226 250 1309
11.8 1906 1224 246 1312
11.9 1906 1222 244 1314
12 1906 1220 240 1317
12.1 1906 1216 238 1320
12.2 1906 1210 238 1323
12.3 1906 1200 236 1329
12.4 1906 1196 236 1331
12.5 1906 1188 234 1336
12.6 1906 1184 234 1338
12.7 1904 1180 232 1342
12.8 1902 1174 232 1346
12.9 1902 1174 232 1346
13 1902 1172 232 1347
13.1 1902 1166 232 1350
13.2 1902 1166 230 1351
13.3 1902 1160 230 1354
13.4 1898 1154 230 1359
13.5 1898 1150 230 1361
13.6 1896 1150 230 1362
13.7 1896 1146 228 1365
13.8 1896 1146 228 1365
13.9 1896 1146 228 1365
14 1894 1144 228 1367
14.1 1894 1140 228 1369
14.2 1894 1138 228 1370
14.3 1892 1134 228 1373
14.4 1892 1132 226 1375
14.5 1890 1126 224 1380
14.6 1890 1120 224 1383
14.7 1888 1116 224 1386
14.8 1886 1116 222 1388
14.9 1886 1108 220 1393
15 1886 1104 220 1395
15.1 1884 1102 220 1397
15.2 1884 1102 218 1398
15.3 1882 1102 218 1399
15.4 1882 1102 218 1399
15.5 1882 1100 218 1400
15.6 1880 1094 218 1404
15.7 1878 1090 214 1409
15.8 1878 1086 212 1412
15.9 1878 1086 212 1412
16 1874 1082 212 1416
16.1 1874 1082 210 1417
16.2 1874 1080 210 1418
16.3 1874 1076 208 1421
16.4 1872 1076 208 1422
16.5 1870 1074 206 1425
16.6 1868 1074 206 1426
16.7 1868 1074 204 1427
16.8 1864 1070 204 1431
16.9 1864 1066 204 1433
17 1864 1062 204 1435
17.1 1862 1058 202 1439
17.2 1862 1058 202 1439
17.3 1862 1058 202 1439
17.4 1862 1058 202 1439
17.5 1860 1054 202 1442
17.6 1860 1052 198 1445
17.7 1858 1050 198 1447
17.8 1858 1050 198 1447
17.9 1858 1048 198 1448
18 1858 1046 198 1449
18.1 1856 1044 198 1451
18.2 1856 1042 198 1452
18.3 1854 1042 198 1453
18.4 1854 1038 198 1455
18.5 1852 1036 198 1457
18.6 1852 1036 196 1458
18.7 1852 1036 196 1458
18.8 1850 1030 196 1462
18.9 1850 1026 196 1464
19 1850 1026 196 1464
19.1 1850 1024 196 1465
19.2 1850 1024 194 1466
19.3 1848 1024 194 1467
19.4 1846 1024 194 1468
19.5 1846 1024 194 1468
19.6 1846 1022 194 1469
19.7 1844 1020 192 1472
19.8 1844 1018 192 1473
19.9 1844 1016 192 1474
20 1844 1014 192 1475
20.1 1844 1012 192 1476
20.2 1844 1012 192 1476
20.3 1844 1010 192 1477
20.4 1842 1008 192 1479
20.5 1842 1006 192 1480
20.6 1840 1004 192 1482
20.7 1840 1002 192 1483
20.8 1840 1002 192 1483
20.9 1840 1000 192 1484
21 1838 1000 190 1486
21.1 1838 998 186 1489
21.2 1834 994 186 1493
21.3 1834 992 186 1494
21.4 1834 990 186 1495
21.5 1832 986 186 1498
21.6 1832 984 186 1499
21.7 1832 982 186 1500
21.8 1832 980 186 1501
21.9 1832 980 184 1502
22 1832 976 180 1506
22.1 1830 974 180 1508
22.2 1826 974 178 1511
22.3 1824 974 178 1512
22.4 1822 974 178 1513
22.5 1822 972 176 1515
22.6 1822 970 176 1516
22.7 1822 966 176 1518
22.8 1820 966 176 1519
22.9 1816 966 176 1521
23 1814 962 176 1524
23.1 1814 958 174 1527
23.2 1812 956 172 1530
23.3 1812 954 172 1531
23.4 1812 954 170 1532
23.5 1812 954 168 1533
23.6 1812 954 168 1533
23.7 1812 950 168 1535
23.8 1810 948 166 1538
23.9 1808 946 166 1540
24 1808 940 166 1543
24.1 1808 940 166 1543
24.2 1808 940 166 1543
24.3 1808 938 166 1544
24.4 1806 938 166 1545
24.5 1802 938 166 1547
24.6 1800 936 166 1549
24.7 1798 934 164 1552
24.8 1798 934 164 1552
24.9 1796 934 164 1553
25 1796 934 164 1553
25.1 1796 934 164 1553
25.2 1796 932 164 1554
25.3 1794 928 164 1557
25.4 1792 928 160 1560
25.5 1790 926 160 1562
25.6 1790 926 160 1562
25.7 1788 920 158 1567
25.8 1788 918 158 1568
25.9 1788 914 156 1571
26 1786 912 156 1573
26.1 1784 910 156 1575
26.2 1784 910 156 1575
26.3 1782 910 154 1577
26.4 1782 910 154 1577
26.5 1782 908 154 1578
26.6 1780 908 154 1579
26.7 1780 906 154 1580
26.8 1780 904 154 1581
26.9 1780 902 152 1583
27 1780 900 152 1584
27.1 1778 898 152 1586
27.2 1776 896 152 1588
27.3 1776 894 150 1590
27.4 1774 892 150 1592
27.5 1774 892 150 1592
27.6 1770 888 150 1596
27.7 1770 886 150 1597
27.8 1770 884 148 1599
27.9 1770 880 146 1602
28 1770 878 144 1604
28.1 1766 874 144 1608
28.2 1766 874 144 1608
28.3 1766 872 144 1609
28.4 1766 872 144 1609
28.5 1766 866 144 1612
28.6 1766 864 142 1614
28.7 1764 864 142 1615
28.8 1764 862 142 1616
28.9 1762 860 140 1619
29 1762 858 138 1621
29.1 1762 856 138 1622
29.2 1758 854 138 1625
29.3 1758 854 138 1625
29.4 1758 854 138 1625
29.5 1758 850 138 1627
29.6 1758 848 138 1628
29.7 1758 846 138 1629
29.8 1758 846 138 1629
29.9 1758 846 138 1629
30 1758 844 138 1630
30.1 1758 844 138 1630
30.2 1758 842 138 1631
30.3 1758 842 138 1631
30.4 1758 842 136 1632
30.5 1754 838 136 1636
30.6 1754 832 136 1639
30.7 1754 830 136 1640
30.8 1754 830 136 1640
30.9 1754 830 136 1640
31 1754 830 136 1640
31.1 1754 830 136 1640
31.2 1754 828 134 1642
31.3 1754 826 134 1643
31.4 1752 826 134 1644
31.5 1752 824 134 1645
31.6 1752 824 134 1645
31.7 1752 824 134 1645
31.8 1752 824 134 1645
31.9 1752 822 134 1646
32 1750 820 134 1648
32.1 1750 816 134 1650
32.2 1750 816 134 1650
32.3 1750 814 134 1651
32.4 1746 814 134 1653
32.5 1744 812 134 1655
32.6 1744 812 134 1655
32.7 1742 812 134 1656
32.8 1740 810 134 1658
32.9 1740 810 134 1658
33 1740 808 134 1659
33.1 1740 808 134 1659
33.2 1738 808 134 1660
33.3 1736 806 134 1662
33.4 1736 804 134 1663
33.5 1736 804 134 1663
33.6 1736 804 132 1664
33.7 1736 804 132 1664
33.8 1736 802 130 1666
33.9 1736 802 130 1666
34 1734 802 130 1667
34.1 1732 800 128 1670
34.2 1730 800 128 1671
34.3 1728 798 128 1673
34.4 1728 796 128 1674
34.5 1728 796 128 1674
34.6 1728 796 128 1674
34.7 1728 794 128 1675
34.8 1728 792 128 1676
34.9 1728 792 128 1676
35 1728 788 128 1678
35.1 1728 788 128 1678
35.2 1728 788 128 1678
35.3 1728 784 128 1680
35.4 1728 784 128 1680
35.5 1728 784 128 1680
35.6 1726 782 126 1683
35.7 1726 782 122 1685
35.8 1726 778 122 1687
35.9 1726 778 122 1687
36 1726 778 122 1687
36.1 1726 776 122 1688
36.2 1726 776 120 1689
36.3 1726 774 120 1690
36.4 1726 774 120 1690
36.5 1726 774 120 1690
36.6 1726 774 120 1690
36.7 1726 772 120 1691
36.8 1726 772 120 1691
36.9 1724 772 118 1693
37 1724 772 118 1693
37.1 1724 772 116 1694
37.2 1724 772 116 1694
37.3 1724 772 116 1694
37.4 1724 768 114 1697
37.5 1724 768 114 1697
37.6 1724 768 114 1697
37.7 1724 768 114 1697
37.8 1724 768 114 1697
37.9 1722 766 114 1699
38 1722 766 112 1700
38.1 1720 766 112 1701
38.2 1718 766 112 1702
38.3 1716 766 112 1703
38.4 1716 764 112 1704
38.5 1716 764 112 1704
38.6 1716 764 112 1704
38.7 1716 762 112 1705
38.8 1716 762 112 1705
38.9 1716 756 112 1708
39 1716 756 112 1708
39.1 1716 756 112 1708
39.2 1716 756 112 1708
39.3 1714 754 110 1711
39.4 1714 754 110 1711
39.5 1714 754 110 1711
39.6 1714 752 110 1712
39.7 1714 750 110 1713
39.8 1714 748 110 1714
39.9 1714 748 110 1714
40 1712 746 110 1716
40.1 1712 742 110 1718
40.2 1710 742 110 1719
40.3 1708 740 110 1721
40.4 1706 738 110 1723
40.5 1706 734 110 1725
40.6 1704 732 110 1727
40.7 1702 732 108 1729
40.8 1702 730 108 1730
40.9 1700 730 108 1731
41 1700 730 108 1731
41.1 1700 728 108 1732
41.2 1700 724 108 1734
41.3 1700 722 108 1735
41.4 1700 720 108 1736
41.5 1700 720 108 1736
41.6 1698 720 108 1737
41.7 1698 720 108 1737
41.8 1698 720 108 1737
41.9 1698 720 108 1737
42 1698 720 106 1738
42.1 1698 718 106 1739
42.2 1696 718 106 1740
42.3 1696 716 106 1741
42.4 1696 716 106 1741
42.5 1696 716 104 1742
42.6 1696 716 104 1742
42.7 1696 712 104 1744
42.8 1696 710 102 1746
42.9 1696 708 102 1747
43 1696 708 102 1747
43.1 1696 704 102 1749
43.2 1696 704 102 1749
43.3 1694 704 102 1750
43.4 1690 704 102 1752
43.5 1690 704 100 1753
43.6 1690 704 100 1753
43.7 1690 704 100 1753
43.8 1688 704 98 1755
43.9 1686 704 98 1756
44 1684 704 98 1757
44.1 1684 704 98 1757
44.2 1684 704 98 1757
44.3 1682 702 98 1759
44.4 1682 700 98 1760
44.5 1682 700 98 1760
44.6 1682 700 98 1760
44.7 1682 698 98 1761
44.8 1682 698 98 1761
44.9 1678 698 96 1764
45 1678 698 96 1764
45.1 1678 698 96 1764
45.2 1678 698 96 1764
45.3 1678 698 96 1764
45.4 1678 698 94 1765
45.5 1678 698 94 1765
45.6 1678 698 94 1765
45.7 1676 698 94 1766
45.8 1676 694 94 1768
45.9 1676 694 94 1768
46 1674 694 94 1769
46.1 1674 694 94 1769
46.2 1674 694 94 1769
46.3 1674 690 94 1771
46.4 1674 686 94 1773
46.5 1674 686 94 1773
46.6 1674 686 94 1773
46.7 1674 686 94 1773
46.8 1674 686 94 1773
46.9 1674 686 94 1773
47 1674 684 94 1774
47.1 1674 682 94 1775
47.2 1674 682 94 1775
47.3 1674 682 94 1775
47.4 1674 682 94 1775
47.5 1674 682 94 1775
47.6 1674 682 94 1775
47.7 1674 680 94 1776
47.8 1674 680 94 1776
47.9 1674 680 94 1776
48 1674 680 92 1777
48.1 1674 678 92 1778
48.2 1674 676 90 1780
48.3 1674 672 90 1782
48.4 1674 670 90 1783
48.5 1674 668 90 1784
48.6 1672 666 90 1786
48.7 1672 666 90 1786
48.8 1670 662 90 1789
48.9 1670 660 90 1790
49 1670 660 90 1790
49.1 1670 660 90 1790
49.2 1670 658 90 1791
49.3 1670 656 90 1792
49.4 1668 656 90 1793
49.5 1666 656 90 1794
49.6 1666 652 90 1796
49.7 1666 652 90 1796
49.8 1664 650 90 1798
49.9 1664 648 88 1800
50 1664 648 88 1800
50.1 1664 648 88 1800
50.2 1664 646 88 1801
50.3 1662 644 88 1803
50.4 1662 640 86 1806
50.5 1662 634 86 1809
50.6 1662 634 86 1809
50.7 1662 632 86 1810
50.8 1662 632 86 1810
50.9 1662 632 86 1810
51 1662 630 86 1811
51.1 1662 630 86 1811
51.2 1662 630 86 1811
51.3 1662 628 86 1812
51.4 1662 628 86 1812
51.5 1662 628 86 1812
51.6 1660 628 86 1813
51.7 1658 628 86 1814
51.8 1658 624 86 1816
51.9 1656 624 84 1818
52 1656 624 84 1818
52.1 1656 620 84 1820
52.2 1656 620 84 1820
52.3 1656 620 84 1820
52.4 1656 620 84 1820
52.5 1656 618 84 1821
52.6 1656 616 84 1822
52.7 1654 614 84 1824
52.8 1652 614 84 1825
52.9 1650 614 84 1826
53 1650 614 84 1826
53.1 1650 612 84 1827
53.2 1650 610 84 1828
53.3 1650 610 84 1828
53.4 1650 610 84 1828
53.5 1650 608 84 1829
53.6 1650 608 84 1829
53.7 1650 608 84 1829
53.8 1650 604 84 1831
53.9 1650 604 84 1831
54 1648 604 84 1832
54.1 1646 604 84 1833
54.2 1646 604 84 1833
54.3 1646 604 84 1833
54.4 1646 602 84 1834
54.5 1646 600 84 1835
54.6 1646 600 84 1835
54.7 1646 600 84 1835
54.8 1644 598 84 1837
54.9 1642 598 84 1838
55 1638 596 84 1841
55.1 1636 596 84 1842
55.2 1636 596 84 1842
55.3 1634 596 84 1843
55.4 1634 596 84 1843
55.5 1634 592 84 1845
55.6 1634 592 84 1845
55.7 1634 592 84 1845
55.8 1632 592 84 1846
55.9 1630 592 84 1847
56 1630 592 84 1847
56.1 1630 592 84 1847
56.2 1630 592 84 1847
56.3 1630 588 84 1849
56.4 1630 588 84 1849
56.5 1630 586 84 1850
56.6 1630 584 84 1851
56.7 1628 584 84 1852
56.8 1628 582 84 1853
56.9 1628 582 84 1853
57 1628 582 84 1853
57.1 1628 582 82 1854
57.2 1628 580 82 1855
57.3 1628 580 82 1855
57.4 1626 578 82 1857
57.5 1624 578 82 1858
57.6 1622 578 82 1859
57.7 1622 578 82 1859
57.8 1622 578 82 1859
57.9 1622 578 82 1859
58 1622 576 82 1860
58.1 1622 574 82 1861
58.2 1622 572 82 1862
58.3 1620 572 82 1863
58.4 1620 570 82 1864
58.5 1620 568 82 1865
58.6 1620 568 82 1865
58.7 1620 566 82 1866
58.8 1620 566 82 1866
58.9 1618 566 82 1867
59 1618 566 82 1867
59.1 1618 564 82 1868
59.2 1618 562 82 1869
59.3 1618 560 80 1871
59.4 1618 560 78 1872
59.5 1618 560 78 1872
59.6 1618 558 78 1873
59.7 1618 558 78 1873
59.8 1618 556 78 1874
59.9 1618 556 78 1874
60 1618 556 78 1874
60.1 1618 556 78 1874
60.2 1618 556 78 1874
60.3 1618 556 78 1874
60.4 1618 554 78 1875
60.5 1616 554 78 1876
60.6 1616 554 78 1876
60.7 1616 554 78 1876
60.8 1616 554 78 1876
60.9 1616 554 78 1876
61 1616 552 78 1877
61.1 1614 550 78 1879
61.2 1614 550 78 1879
61.3 1614 548 78 1880
61.4 1614 548 78 1880
61.5 1614 548 78 1880
61.6 1612 548 78 1881
61.7 1610 546 78 1883
61.8 1610 544 78 1884
61.9 1608 544 78 1885
62 1608 542 78 1886
62.1 1608 542 78 1886
62.2 1604 542 78 1888
62.3 1602 542 78 1889
62.4 1602 538 78 1891
62.5 1602 538 78 1891
62.6 1602 536 78 1892
62.7 1602 536 78 1892
62.8 1602 536 78 1892
62.9 1602 536 78 1892
63 1602 536 78 1892
63.1 1602 536 78 1892
63.2 1602 536 78 1892
63.3 1602 536 78 1892
63.4 1602 536 78 1892
63.5 1602 534 78 1893
63.6 1602 534 78 1893
63.7 1602 534 78 1893
63.8 1600 534 78 1894
63.9 1600 534 78 1894
64 1600 528 78 1897
64.1 1600 528 78 1897
64.2 1600 528 78 1897
64.3 1598 528 78 1898
64.4 1598 528 78 1898
64.5 1598 526 78 1899
64.6 1598 526 76 1900
64.7 1598 526 76 1900
64.8 1598 526 76 1900
64.9 1598 526 76 1900
65 1596 526 76 1901
65.1 1596 526 76 1901
65.2 1596 526 76 1901
65.3 1596 524 76 1902
65.4 1596 524 76 1902
65.5 1594 524 76 1903
65.6 1594 524 74 1904
65.7 1594 522 74 1905
65.8 1594 522 74 1905
65.9 1592 520 74 1907
66 1592 518 74 1908
66.1 1592 518 74 1908
66.2 1590 518 74 1909
66.3 1588 518 74 1910
66.4 1588 518 74 1910
66.5 1586 516 74 1912
66.6 1586 514 74 1913
66.7 1584 514 74 1914
66.8 1584 512 74 1915
66.9 1582 510 74 1917
67 1582 508 74 1918
67.1 1582 508 74 1918
67.2 1580 508 74 1919
67.3 1580 506 74 1920
67.4 1580 506 74 1920
67.5 1580 506 74 1920
67.6 1580 506 74 1920
67.7 1578 506 74 1921
67.8 1578 506 74 1921
67.9 1578 506 74 1921
68 1578 506 74 1921
68.1 1578 506 74 1921
68.2 1576 506 72 1923
68.3 1576 504 72 1924
68.4 1574 504 72 1925
68.5 1574 502 72 1926
68.6 1574 502 72 1926
68.7 1574 502 72 1926
68.8 1572 502 72 1927
68.9 1572 500 72 1928
69 1572 500 72 1928
69.1 1572 500 72 1928
69.2 1572 500 72 1928
69.3 1572 500 72 1928
69.4 1572 500 72 1928
69.5 1572 498 72 1929
69.6 1572 498 72 1929
69.7 1570 496 72 1931
69.8 1568 494 72 1933
69.9 1568 494 72 1933
70 1568 494 72 1933
70.1 1566 494 72 1934
70.2 1564 494 72 1935
70.3 1564 494 72 1935
70.4 1564 494 72 1935
70.5 1564 494 72 1935
70.6 1564 494 72 1935
70.7 1564 494 72 1935
70.8 1564 492 72 1936
70.9 1564 492 72 1936
71 1564 492 72 1936
71.1 1564 492 72 1936
71.2 1564 492 72 1936
71.3 1560 492 72 1938
71.4 1560 492 72 1938
71.5 1560 492 72 1938
71.6 1560 492 72 1938
71.7 1560 492 72 1938
71.8 1560 492 72 1938
71.9 1560 492 72 1938
72 1560 492 70 1939
72.1 1560 492 70 1939
72.2 1556 492 70 1941
72.3 1556 492 68 1942
72.4 1556 492 68 1942
72.5 1552 492 68 1944
72.6 1552 490 68 1945
72.7 1552 490 68 1945
72.8 1550 490 68 1946
72.9 1550 490 68 1946
73 1548 490 68 1947
73.1 1548 490 68 1947
73.2 1548 486 68 1949
73.3 1548 486 68 1949
73.4 1548 486 68 1949
73.5 1548 486 68 1949
73.6 1548 484 68 1950
73.7 1546 482 68 1952
73.8 1546 480 68 1953
73.9 1546 480 68 1953
74 1546 480 68 1953
74.1 1546 480 68 1953
74.2 1546 476 68 1955
74.3 1546 476 68 1955
74.4 1544 476 68 1956
74.5 1544 476 66 1957
74.6 1542 476 66 1958
74.7 1542 476 66 1958
74.8 1542 474 66 1959
74.9 1542 474 66 1959
75 1542 472 66 1960
75.1 1540 472 66 1961
75.2 1540 472 66 1961
75.3 1540 472 66 1961
75.4 1540 472 66 1961
75.5 1540 472 66 1961
75.6 1540 472 66 1961
75.7 1540 472 66 1961
75.8 1538 472 66 1962
75.9 1538 472 66 1962
76 1538 470 66 1963
76.1 1536 470 66 1964
76.2 1534 468 66 1966
76.3 1534 468 66 1966
76.4 1534 468 66 1966
76.5 1534 466 66 1967
76.6 1534 466 66 1967
76.7 1534 466 66 1967
76.8 1534 466 66 1967
76.9 1532 466 66 1968
77 1532 464 66 1969
77.1 1532 464 66 1969
77.2 1532 464 66 1969
77.3 1532 462 66 1970
77.4 1532 462 66 1970
77.5 1532 462 66 1970
77.6 1532 462 66 1970
77.7 1530 462 64 1972
77.8 1530 462 64 1972
77.9 1530 462 64 1972
78 1530 462 64 1972
78.1 1530 460 64 1973
78.2 1530 460 64 1973
78.3 1530 460 64 1973
78.4 1530 460 64 1973
78.5 1530 460 64 1973
78.6 1528 460 64 1974
78.7 1528 460 64 1974
78.8 1524 460 64 1976
78.9 1524 460 64 1976
79 1522 460 64 1977
79.1 1522 460 64 1977
79.2 1522 460 64 1977
79.3 1522 458 64 1978
79.4 1522 458 64 1978
79.5 1522 458 64 1978
79.6 1522 458 64 1978
79.7 1522 458 64 1978
79.8 1522 458 64 1978
79.9 1522 456 64 1979
80 1522 456 64 1979
80.1 1522 456 64 1979
80.2 1522 456 64 1979
80.3 1522 456 64 1979
80.4 1522 456 64 1979
80.5 1522 456 64 1979
80.6 1522 454 64 1980
80.7 1522 452 64 1981
80.8 1522 452 64 1981
80.9 1522 452 64 1981
81 1522 452 64 1981
81.1 1522 452 64 1981
81.2 1522 452 64 1981
81.3 1520 450 64 1983
81.4 1520 450 64 1983
81.5 1518 450 64 1984
81.6 1518 450 64 1984
81.7 1518 450 64 1984
81.8 1518 450 64 1984
81.9 1516 450 64 1985
82 1516 448 64 1986
82.1 1516 448 64 1986
82.2 1516 448 64 1986
82.3 1516 448 64 1986
82.4 1516 448 64 1986
82.5 1516 448 62 1987
82.6 1516 448 62 1987
82.7 1514 446 62 1989
82.8 1514 446 62 1989
82.9 1514 446 62 1989
83 1514 444 62 1990
83.1 1514 442 62 1991
83.2 1514 442 62 1991
83.3 1512 442 62 1992
83.4 1512 442 62 1992
83.5 1512 442 62 1992
83.6 1510 442 62 1993
83.7 1510 442 62 1993
83.8 1510 442 62 1993
83.9 1510 442 62 1993
84 1510 442 62 1993
84.1 1510 442 62 1993
84.2 1510 442 62 1993
84.3 1510 442 62 1993
84.4 1510 442 62 1993
84.5 1510 442 62 1993
84.6 1510 442 62 1993
84.7 1510 436 62 1996
84.8 1510 436 62 1996
84.9 1510 434 62 1997
85 1510 434 62 1997
85.1 1508 434 62 1998
85.2 1508 434 62 1998
85.3 1508 434 62 1998
85.4 1508 434 62 1998
85.5 1508 434 62 1998
85.6 1508 434 62 1998
85.7 1508 434 62 1998
85.8 1508 432 62 1999
85.9 1508 432 62 1999
86 1508 432 62 1999
86.1 1506 432 62 2000
86.2 1506 432 62 2000
86.3 1504 432 62 2001
86.4 1502 432 62 2002
86.5 1502 430 62 2003
86.6 1500 430 62 2004
86.7 1500 430 62 2004
86.8 1500 430 62 2004
86.9 1500 430 62 2004
87 1500 430 62 2004
87.1 1500 430 62 2004
87.2 1500 430 62 2004
87.3 1500 430 62 2004
87.4 1500 430 62 2004
87.5 1500 430 62 2004
87.6 1500 430 62 2004
87.7 1500 428 62 2005
87.8 1500 428 62 2005
87.9 1500 428 62 2005
88 1500 428 62 2005
88.1 1498 428 62 2006
88.2 1498 428 62 2006
88.3 1498 428 62 2006
88.4 1498 428 62 2006
88.5 1498 428 62 2006
88.6 1498 428 62 2006
88.7 1498 428 62 2006
88.8 1498 428 62 2006
88.9 1498 426 62 2007
89 1498 426 62 2007
89.1 1498 426 62 2007
89.2 1496 426 62 2008
89.3 1496 426 62 2008
89.4 1496 426 62 2008
89.5 1494 424 62 2010
89.6 1494 424 62 2010
89.7 1494 424 62 2010
89.8 1494 422 62 2011
89.9 1494 420 60 2013
90 1494 418 60 2014
90.1 1494 418 60 2014
90.2 1494 418 60 2014
90.3 1492 418 60 2015
90.4 1492 418 60 2015
90.5 1492 418 60 2015
90.6 1492 418 60 2015
90.7 1492 418 60 2015
90.8 1492 418 60 2015
90.9 1492 418 60 2015
91 1492 418 60 2015
91.1 1492 418 60 2015
91.2 1492 418 60 2015
91.3 1490 418 60 2016
91.4 1488 418 60 2017
91.5 1486 418 60 2018
91.6 1486 416 60 2019
91.7 1486 416 60 2019
91.8 1486 416 60 2019
91.9 1486 416 60 2019
92 1486 414 60 2020
92.1 1486 410 60 2022
92.2 1486 406 60 2024
92.3 1486 404 60 2025
92.4 1486 404 60 2025
92.5 1486 404 60 2025
92.6 1486 404 60 2025
92.7 1486 404 60 2025
92.8 1486 404 60 2025
92.9 1484 404 60 2026
93 1484 404 60 2026
93.1 1484 402 60 2027
93.2 1484 398 60 2029
93.3 1484 398 60 2029
93.4 1482 398 60 2030
93.5 1482 396 60 2031
93.6 1482 396 60 2031
93.7 1482 394 60 2032
93.8 1480 394 60 2033
93.9 1480 394 60 2033
94 1480 392 60 2034
94.1 1480 392 60 2034
94.2 1478 392 60 2035
94.3 1478 392 60 2035
94.4 1478 392 60 2035
94.5 1478 392 60 2035
94.6 1478 392 60 2035
94.7 1474 392 60 2037
94.8 1474 390 60 2038
94.9 1474 388 60 2039
95 1472 386 60 2041
95.1 1472 386 60 2041
95.2 1470 386 60 2042
95.3 1470 384 60 2043
95.4 1470 384 60 2043
95.5 1470 384 60 2043
95.6 1470 384 60 2043
95.7 1470 384 60 2043
95.8 1470 384 60 2043
95.9 1470 384 60 2043
96 1468 384 60 2044
96.1 1468 384 60 2044
96.2 1466 384 60 2045
96.3 1466 382 60 2046
96.4 1464 382 60 2047
96.5 1464 382 60 2047
96.6 1464 382 60 2047
96.7 1464 382 60 2047
96.8 1464 382 60 2047
96.9 1464 382 60 2047
97 1464 380 60 2048
97.1 1464 380 60 2048
97.2 1464 380 60 2048
97.3 1464 380 60 2048
97.4 1464 380 60 2048
97.5 1464 380 60 2048
97.6 1464 380 60 2048
97.7 1464 380 60 2048
97.8 1464 380 60 2048
97.9 1464 380 60 2048
98 1464 380 60 2048
98.1 1464 380 60 2048
98.2 1464 380 60 2048
98.3 1464 380 60 2048
98.4 1464 380 60 2048
98.5 1464 380 60 2048
98.6 1464 380 60 2048
98.7 1464 380 60 2048
98.8 1462 380 60 2049
98.9 1458 380 60 2051
99 1458 380 60 2051
99.1 1458 380 60 2051
99.2 1458 380 60 2051
99.3 1458 380 60 2051
99.4 1458 380 60 2051
99.5 1458 380 60 2051
99.6 1458 380 60 2051
99.7 1456 380 60 2052
99.8 1456 380 60 2052
99.9 1456 380 60 2052
100 1454 378 60 2054
