0 100 0
0.1 100 0
0.2 98 2
0.3 97 3
0.4 97 3
0.5 95 5
0.6 93 7
0.7 93 7
0.8 92 8
0.9 92 8
1 91 9
1.1 89 11
1.2 89 11
1.3 86 14
1.4 85 15
1.5 84 16
1.6 83 17
1.7 82 18
1.8 82 18
1.9 82 18
2 81 19
2.1 81 19
2.2 80 20
2.3 79 21
2.4 78 22
2.5 78 22
2.6 78 22
2.7 78 22
2.8 78 22
2.9 76 24
3 75 25
3.1 74 26
3.2 74 26
3.3 74 26
3.4 72 28
3.5 72 28
3.6 71 29
3.7 70 30
3.8 67 33
3.9 67 33
4 67 33
4.1 66 34
4.2 65 35
4.3 62 38
4.4 62 38
4.5 61 39
4.6 60 40
4.7 59 41
4.8 58 42
4.9 56 44
5 54 46
5.1 54 46
5.2 54 46
5.3 53 47
5.4 53 47
5.5 53 47
5.6 51 49
5.7 51 49
5.8 49 51
5.9 49 51
6 49 51
6.1 49 51
6.2 49 51
6.3 49 51
6.4 49 51
6.5 49 51
6.6 48 52
6.7 48 52
6.8 48 52
6.9 47 53
7 46 54
7.1 46 54
7.2 45 55
7.3 45 55
7.4 45 55
7.5 45 55
7.6 45 55
7.7 43 57
7.8 43 57
7.9 43 57
8 43 57
8.1 43 57
8.2 43 57
8.3 43 57
8.4 43 57
8.5 43 57
8.6 42 58
8.7 40 60
8.8 40 60
8.9 40 60
9 40 60
9.1 40 60
9.2 39 61
9.3 39 61
9.4 39 61
9.5 39 61
9.6 39 61
9.7 39 61
9.8 39 61
9.9 39 61
10 38 62
